00020000000000200200000000000200000000000000000000000000000000001002000000000000000000000020000000000000000000000000000000000000
00000002002000000000000000000000000000000000000000002000200000000000000000000002000000000000000000000000000000000200000000000000
02000000000000002000000000002200000000020000000000000000000000000000002000020000000000000000000000000000000000000000000000000000
00000020000202000002000002000000000000000000000000000000000000000000000000000000020000000000000000000000020000000000020000000000
00020000000000000000000000200000000000000200000000000000200000000000000200000020000000000002000000000000000000000000000000002020
00000000000000200000000000000000000000000020000200000000000000000000000000000000000000000000000000200000000000000000000000002000
00000002000000000000000020002002000000000000000000000000000000000000000000000000000000000000000200002002000000020200000000000000
00000000022000000020000000000000000000200000000000000020000000000000000000000000000000000000000000000000000000000000002000000000
00020000000000000020200000000000000000020000020000000000000000000000000000000000000002000000000000000000200000200000000000002000
00000020000200000000000000000000000000000000000200000000000000022002000000000000000000000000000020000000200000000020000000020000
00000000000000000000000000000000002002000000000000000000002200020000000000000000002000000000000000000000000000000000000000000000
00000000000000000000000000000000020000000000000000200000000020000000000000000000000000000000000000000000000000000000000000000002
00000020000000000000000000000000000000000000000020000000000000000000000000000000000000000000000000000000002000000000000002002000
00000000000000000000002000000000000000000000000020000000000020000020000000002000000000000000000000000000000000000000000000200000
00000000000000200000000000000002020000000020020000000000000000000000200000000000000000000000000000000000000000000000200000000000
00000000000000200000200000000000000000000000000000000000000000000000002000000000020000000000000000000002000200000000000000000000
00000000000002000000000000002000000000000000000000000000000000002000000020000000000200000000000000000000002000000202000002000000
00000000000000000000000000000000000000000000002000000000200000000000000000000000000000000000200000000000000000000000000000000000
00000000000000000000200000000000000000000000000000000000000000000002000200200000000000000200000002000000000000000002000000000000
00000000000200000000000000000000000000000200002000200000000000200000000000000000000000000000000200000000020000020002000000000000
00000000000000020002000000200020000000000000000020000000000000000000000000000002000000000000000000000000000000020200000000020000
00000000000000000000000000000000200000000000000000220000000000000200000000000000000000000000000200200000000000000000000000000000
00000000000000000000000200000000000000000000000020000000000000000002000000000000000000000000000000000000000000000000000000200000
00200000000000000000000000000000000000002020000000020000000000200000000000000002000200000000000000000000000000000002020000000000
00000000002000000002000000000000000000000000000000000000000000000000000000002000000000000000000000000000000000000000000020000000
00000000002000000000000000020000000000000000002020000000000000000000000000000000200000000000000000000000000000000000000000000000
00000000000000000000000000000000000000000000000000000002000000000000000000000000000000000200020020000000000000000000000000002000
20000000200000000020000000000000000000000000000000000000020002000000000000000000000020000000000000000000000000000000000000000000
00000000002200000020000000000000000000002000000000000000000000000000000000000000000000000000000000000000000000000000000000020000
00000000000020000000000000000000000000000000000000000000002000020000000000000000000000000200020000000000000000000000000002002000
00000000000000000000000000002000000000000000000200002000000020002000000000000000000000000000000000000000000000000000000000000000
00000000000000000020000000000000002000000000000000000000000002000000000020000000000000000200200000000000000002000000020200033200
00000002000000000020000000000000000000000000000000002020000000000000002002000000000000000000000000000220000000000000000000033300
00000000000200220000000000000000000000000000000000000000000000000000000200000000000000000000000000000000000000000000000002033300
00000000000020000000000000000020002000000000000020000000000000002000000000000000000000000000000000000200200000000000000020000000
00000000000000000000020000002000000000000000000000000000000020000000000000000000000000000000000000000000000000000000000000000000
00000000000000000000000000000000000000000000000000002000020020000000000000000000020000020000000000000000000000200000000020000000
00000000000000000000000000000020000000002000000002000000000000020002000000000000000002000000000200000002000200000000000002000200
00000000002000000000000000000000000000200200000000000000020000000000000000000000020200000000000000000000000000000200000000000000
00000000002000020000000000000000000000000000000002000000000000000002000000000002000000000000000000000000000000000000002000000200
00000000000200000000000000000000000000000000000000000000000000000000000000000000000000000022000000000000000000020000000000000000
00000000200000000000000000000000000000000000202000000002000002000000000000000000000000000000000000000000000000000000000020000000
00000000000000000000002000000000000200000000000000000000000000000000000000000000000000000000200000002000000020002000000000000000
00000000000000000000000002000000000000000000000000020000000000000000002000000000000020200020000000000000000000000200020020000020
00000000200000000000000000000220000000000000000000000000000000000000000000000000000000000020000000000000000020000000000200000000
00000020000000000000000000000000020000000020200000020000000000000000000000000000000020000000000000000000000000020000002000000000
20000000000000202000000000000020000000000000000000000000000000000000000200000000000000000000000000000000000000000000000000000000
00000200000000000000000002000000000000200000020000000000000000000020000000000000000000000000000000000200000000000020000000000000
00000000000000000000000000200000000020000333000000000000000000000000000020000000002200002000000000000000000000000000000000000200
00000000000200000000000000000000200000000333000000002000000000000000000000002000000000000000000000000000000000000000000000000000
00000000000000000000000200000000000000000333000000000000000000020000000000000000202000000000000000000000000002000000200000000000
00200000000000000000000000000002000000000000000000000000000000000000000000000002000000000000000200000000000000000200000020020200
02000000000000000000000000000000000000000000000000000000000000000000000000000000000000020000000000000000000200000000000000000000
00020000000000000002000002000000000000000020220000000000200000202000000000000000000000000002000000000000020000000000000020000000
00000000000000000000000000000000000200000000000000000000000000000000000000000000000000002000000000000000000000000000020000000000
00000000000000000000002000000000000000000000000000000000000000000000000000000000020000000000000200000000000000002000000000200000
00000000000000000000000000002000000000000000000000000000000000000000000002002000000000000000000000000000000000000000000000000000
20000000000000000000000000000000000000000000000000000200000000000200000000000000000000000000000000000000000000000000000000000000
00000020000000000000200000000000000000000000000000000000000000000000000000000000020000000000000000000000000000000000000000000000
00000000000020000000000000000000000000000000000000000020000000000000002000000000000000000000000000000000020200000000000000000000
00000000000000000000000000000000000000000000000000000000000000000000000002000000000000000000000200200000000000000000000000000000
00000000000020000000000000000000000000000000000200000000000002000000000000000000000000000000000000000000000000000000000000000200
00000000000000020000000000000000000000000000000002000000200000000000000020000000000000000000020002000000000002000000000000000000
00000020000020000000000000000000000000000000000000002000000000000000000002200000000000000000000000000000000000200000200000000000
00000000000200000200000000000000000000000000200000000000000000000002000000000000000000000000000000000000000000000000000000000000
00000000000000020000000000000000000000000000000000000000000000000000000000000000000000000000002000000002000000000000200000000000
00000000000000000000000000000000002000000000000000000000000000000000000000000200000000000002000002000000000000202000000200000020
00000000000002020200020200000000000000000000000000000000020000000000000002000000000000000000000000000000000000000000000000000000
00000000000000000000000000000000000000000000000000000000000000000000000000000000000000000002020000000200000000000000000200000000
00000000000000000000200000000000000000000000000000000200000000000000000000200000000002000000000000000002000000000000000000000000
00000000000000020000000000000000000000000000000000000000000000000000000000000000000000000002020000000000000000000000000000000000
00000000000020000020000000000000000000000000000000000000000000002000000000000020000002000020000000000000000000000000000000000000
00000000000000200002000000000000000000200000000000000000000000000002200002000000000000000002000000000000000000000000000020000000
00002000000002000000000000000000000000000000200000200000200000002000000000000000000000000000000000000000000000000000000000000000
00000000000000000000000000000200000000000000023330000000000000000000200000000000000200000000000000000000022000020020000000000000
00000000000000000000000000000000000000000000023330000000000200000000000002000000000000000000000000000000000000000000000000000000
00000000200000000020000000000000000000000000003330000000000000000000000000000200000000000000000000000000000000000000000000000200
00000000000000000000000000000000000000020000000000000000000000000333000200000000000002000000000000000200000000000000000020000000
00020002000000000000200000000000000200000000000002000000000000000333000000000000000000020000000000000002000000000000000000000000
00000000000000020000000000000000020000000000000000000000200000000333000020000200000000000000000000000000020000000000000000020000
00200000000000000000000000000000000000000000002002000000000200000000000000000000000000000000000000020000000000000000200000000000
20020002000000000000000000000000000000200000000000000000000000000000000000000000000000000000000000000000000000000000000000000000
00000000000000000000200000000000000000000002000000000000000000000000000000000000000000000000000000000000000000000000000000000000
00000000000020000200000000202000000000200000000000000000000000000000002000000000000000000000000000200000000000020000000002000000
00000000000000000000000000000200000000000000000200002000000000000000000000000000000000000000000020020000202200000000000020000000
00000000000000000000000000200000000000000002000200000000000000000000000000000000000000200000000200000000000000002000000000000000
00000000000000000000000000000000000200000000200000000000000000000002000000000000000000000000000200000000000000000000000000000000
00000000000000000000200000000000000000000000000000000002000000000000002000000000000002002000000000000000000000000000000000000000
00000000000000000000000000020000000000000200000000000000000000000000000000000000000000000000000000000000020000000020033200000000
00000000000000000000000000200200000000000000000000000000000000000000200002000000000000000000000000000000000000200000033302000000
00000000000000000000000000000000000000000000002000000200000000000000000000000000002000000000000000000000000002000000033300000000
00000200000000000000000000000000000000000000000002000000000020000000000000000000000000002002000000022000000020000000000000000002
00200000000000000000020000000200000000000000000000000000000000000000000000200000000200000000000000000000000020002000000000000200
00000000200200000000000000000000000000200000002000000000000000000000000000002000000000000000000000000000000000020000000000000000
00000000000000000000000000020000220000000000000000000000000000000000000000000000000000000000000020000000000000000002000000000000
00000000000000000000000000000000000000200002000000000000000000000000000000002000200000000000000000000000000000000000002200000000
20000000000000000200000000000020000000000000020000020020000000000000000000000000000000200020200000002000000000000000000000020002
00000200002000000200000000020000000000000000000000000000000000000000000000000200000000000000000000000020000000000000000000000000
00000200000000000200000000000000200000020000000000000000000000000000000000020000000000000000000000000000000000000000000000000002
00000000000000000000000020000000200000000000000000000000000000200000000000000000002000000000000000000000000000000000000000200000
00000000000000020000000000000000200000000000000000000200000000000000000000000000000000000000000000000000000000000000000000200000
00000000000000000000000000000000000200000000002020000002000000000000000000000000000000000000000000000000000000002000000000000000
02000000000000200020000000000000000000000000002000200000000000000000000000002000200000000000000000000000000000000000000000000000
00000000000000000020000020000000000000020000000000000000000000002000000000000002000000000000000000000000000000000000000000020000
00000020000000000000000000000000000000000000000000000000000200000000000000000000000000000000000000000000002000000000000000002000
00000000000000000000000000000000000000000000000000000000000000000000000000000000000000000002000000000000000000000000000000000000
00000000000000000020000000000000000000000000000000000000022000000000020002000000000000000000000000000000000000000000000000000000
00000000000002000000002000000020000000000000000000000000000000002000000002000002000000200000000000000000000020000002000000200000
00000000000000000000200020000000000000000000002000000000000000000000000000000000200000000000000000000000000200000000000000000000
00000000000000000002000000000000000000000000000000200002000002000000000000000000000000000200022000000000000000002000000000000000
00000000000000000000000000200000000000020000000000000000000000000000000000000000000000000000000002000000000000200000000000000020
00000002000000000000000000002000000000000000000000000020000000000000000000000000000000000000020000000000000000000000000002000000
00000000000000220000000000000200000000000000000000000000000000000000000000000000000000000000020200000020000000000000000000000002
00000000202000000000000000000200000000000000000000020000000000002020000000000002200000000000000000000000000000000000000000000000
00000000000000000000000000000020000000000200000000000000200000000000000000200000000000022000000000200000000000000000000000000000
00000000000000000000000000020002200000000000000020000000000000000000002000200000000000000000000000000020200000000000000000000002
00000000002000000000020000000000002000000000000000000000000000002000000000000000000200000000000000000000000000000020002000000000
20200000000000000000000000000000000000000000000000000000000020000000000000000000000200000000000000000000000000000000000000220000
00000000000000002000000000000000000000000000000000020000000002000000000000000000000000000000000000000000002000000000000020000000
00000000000000000020000000000000000000000002000000000000000000000002000000000000000000022000000000000000000000000020002000000000
00000000000000020000000000000000000020000000200020000000020000000002000000000000000200000000000000000000000022000000200000000000
00020020000000000000000000000000000020000000000020000002000000000000000200000000000000002000000000000000000000000000000000000000
00000000020000002020000000000000000000000220002000000000000000000000000000000000000000000000000000020000000020000000000200000000
00000000000000000000000000000000000000000000000000000000000000000000000000000000002000000000000000000000000000000000000000000200
00000020000000000000000000000000020000000000000000000000000000000000002000000000000000000000000000020000020200000000020000000002
00000000000000002000000000000000000000000000000000000000000000000000000000000000000000000000020000000000000200000000000000000000
00000000000000000000000000000000000000000000000000000000002000000020000000000000000000000000002000000000000000000000000000000000
00000000000000000000000000000000000000000000000200000000000000000000002000000000000000000000000000000000000000000000000000000000

00000002002000000000000000000000000000000000000000002000200000010100000000000002000000000000000000000000000000000200000000000000

02000000000000002000000000002200000000020000000000000000000000100010002000020000000000000000000000000000000000000000000000000000

00000020000202000002000002000000000000000000000000000000000001010101000000000000020000000000000000000000020000000000020000000000

00020000000000000000000000200000000000000200000000000000200010000000100200000020000000000002000000000000000000000000000000002020

00000000000000200000000000000000000000000020000200000000000100000001010000000000000000000000000000200000000000000000000000002000

00000002000000000000000020002002000000000000000000000000001010000010001000000000000000000000000200002002000000020200000000000000

00000000022000000020000000000000000000200000000000000020010001000101010100000000000000000000000000000000000000000000002000000000

00020000000000000020200000000000000000020000020000000000001010101000000010000000000002000000000000000000200000200000000000002000

00000020000200000000000000000000000000000000000200000000010000022102000001000000000000000000000020000000200000000020000000020000

00000000000000000000000000000000002002000000000000000000102200020000000010100000002000000000000000000000000000000000000000000000

00000000000000000000000000000000020000000000000000200001000020000000000100010000000000000000000000000000000000000000000000000002

00000020000000000000000000000000000000000000000020000010100000000000001000001000000000000000000000000000002000000000000002002000

00000000000000000000002000000000000000000000000020000100010020000020010100012100000000000000000000000000000000000000000000200000

00000000000000200000000000000002020000000020020000001010101000000000200010100010000000000000000000000000000000000000200000000000

00000000000000200000200000000000000000000000000000010000000100000000002100010101020000000000000000000002000200000000000000000000

00000000000002000000000000002000000000000000000000101000001010002000001020100000000200000000000000000000002000000202000002000000

00000000000000000000000000000000000000000000002001000100210001000000010000010000000000000000200000000000000000000000000000000000

00000000000000000000200000000000000000000000000010101010101010100002101200201000000000000200000002000000000000000002000000000000

00000000000200000000000000000000000000000200002100200000000000210001000100000100000000000000000200000000020000020002000000000000

00000000000000020002000000200020000000000000001020000000000000101010100010001012000000000000000000000000000000020200000000020000

00000000000000000000000000000000200000000000010000220000000000000200010101010001000000000000000200200000000000000000000000000000

00000000000000000000000200000000000000000000100020000000000000000002000000001010100000000000000000000000000000000000000000200000

00200000000000000000000000000000000000002021010000020000000000200000000000010002010200000000000000000000000000000002020000000000

00000000002000000002000000000000000000000010001000000000000000000000000000102000000000000000000000000000000000000000000020000000

00000000002000000000000000020000000000000101012120000000000000000000000001000000200000000000000000000000000000000000000000000000

00000000000000000000000000000000000000001000000010000002000000000000000010100000000000000200020020000000000000000000000000002000

20000000200000000020000000000000000000000100000101000000020002000000000100010000000020000000000000000000000000000000000000000000

00000000002200000020000000000000000000002010001000100000000000000000001010101000000000000000000000000000000000000000000000020000

00000000000020000000000000000000000000000001000101010000002000020000010000000100000000000200020000000000000000000000000002002000

00000000000000000000000000002000000000000010101200002000000020002000101000001010000000000000000000000000000000000000000000000000

00000000000000000020000000000000002000000000000100000000000002000000000120010001000000000200200000000000000002000000020200033200

00000002000000000020000000000000000000000000001010002020000000000000002012101010100000000000000000000220000000000000000000033300

00000000000200220000000000000000000000000000010001000000000000000000000200000000010000000000000000000000000000000000000002033300

00000000000020000000000000000020002000000000001020000000000000002000000000000000101000000000000000000200200000000000000020000000

00000000000000000000020000002000000000000000010000000000000020000000000000000001000100000000000000000000000000000000000000000000

00000000000000000000000000000000000000000000001000002000020020000000000000000010121010020000000000000000000000200000000020000000

00000000000000000000000000000020000000002000010102000000000000020002000000000100000002000000000200000002000200000000000002000200

00000000002000000000000000000000000000200200100000000000020000000000000000001010020200000000000000000000000000000200000000000000

00000000002000020000000000000000000000000001010002000000000000000002000000010002000000000000000000000000000000000000002000000200

00000000000200000000000000000000000000000010001000000000000000000000000000101000000000000022000000000000000000020000000000000000

00000000200000000000000000000000000000000101212100000002000002000000000001000100000000000000000000000000000000000000000020000000

00000000000000000000002000000000000200001000000010000000000000000000000010101010000000000000200000002000000020002000000000000000

00000000000000000000000002000000000000010100000101020000000000000000002100000001000020200020000000000000000000000200020020000020

00000000200000000000000000000220000000100010001000000000000000000000001010000010100000000020000000000000000020000000000200000000

00000020000000000000000000000000020000010121210100020000000000000000010001000100010020000000000000000000000000020000002000000000

20000000000000202000000000000020000000100000000000000000000000000000100210101010101000000000000000000000000000000000000000000000

00000200000000000000000002000000000001210000020000000000000000000021010100000000000000000000000000000200000000000020000000000000

00000000000000000000000000200000000020001333000000000000000000000000000020000000002200002000000000000000000000000000000000000200

00000000000200000000000000000000200000010133000000002000000000000000000000002000000000000000000000000000000000000000000000000000

00000000000000000000000200000000000000100313000000000000000000020000000000000000202000000000000000000000000002000000200000000000

00200000000000000000000000000002000001010101000000000000000000000000000000000002000000000000000200000000000000000200000020020200

02000000000000000000000000000000000010000000100000000000000000000000000000000000000000020000000000000000000200000000000000000000

00020000000000000002000002000000000101000021220000000000200000202000000000000000000000000002000000000000020000000000000020000000

00000000000000000000000000000000001200100010000000000000000000000000000000000000000000002000000000000000000000000000020000000000

00000000000000000000002000000000010101010101000000000000000000000000000000000000020000000000000200000000000000002000000000200000

00000000000000000000000000002000100000000000100000000000000000000000000002002000000000000000000000000000000000000000000000000000

20000000000000000000000000000001010000000001010000000200000000000200000000000000000000000000000000000000000000000000000000000000

00000020000000000000200000000010001000000010001000000000000000000000000000000000020000000000000000000000000000000000000000000000

00000000000020000000000000000101000100000101010100000020000000000000002000000000000000000000000000000000020200000000000000000000

00000000000000000000000000001000101010001000000010000000000000000000000002000000000000000000000200200000000000000000000000000000

00000000000020000000000000010101000001010100000201000000000002000000000000000000000000000000000000000000000000000000000000000200

00000000000000020000000000100000100010000010000002100000200000000000000020000000000000000000020002000000000002000000000000000000

00000020000020000000000000010001010101000101000001012000000000000000000002200000000000000000000000000000000000200000200000000000

00000000000200000200000000001010000000101000200010001000000000000002000000000000000000000000000000000000000000000000000000000000

00000000000000020000000000010001000001000100000101010100000000000000000000000000000000000000002000000002000000000000200000000000

00000000000000000000000000101010102010101010000000000010000000000000000000000200000000000002000002000000000000202000000200000020

00000000000002020200020201000000000000000001000000000101020000000000000002000000000000000000000000000000000000000000000000000000

00000000000000000000000000100000000000000010100000001000000000000000000000000000000000000002020000000200000000000000000200000000

00000000000000000000200000010000000000000100010000000200000000000000000000200000000002000000000000000002000000000000000000000000

00000000000000020000000000001000000000001000101000000000000000000000000000000000000000000002020000000000000000000000000000000000

00000000000020000020000000010100000000010001000100000000000000002000000000000020000002000020000000000000000000000000000000000000

00000000000000200002000000100010000000201000101000000000000000000002200002000000000000000002000000000000000000000000000020000000

00002000000002000000000001010101000000000101200100200000200000002000000000000000000000000000000000000000000000000000000000000000

00000000000000000000000010000200100000000000121310000000000000000000200000000000000200000000000000000000022000020020000000000000

00000000000000000000000100000000000000000001023331000000000200000000000002000000000000000000000000000000000000000000000000000000

00000000200000000020001010000000000000000010003310100000000000000000000000000200000000000000000000000000000000000000000000000200

00000000000000000000010001000000000000020101000100010000000000000333000200000000000002000000000000000200000000000000000020000000

00020002000000000000201010100000000200000000001002101000000000000333000000000000000000020000000000000002000000000000000000000000

00000000000000020000000000010000020000000000010101000100200000000333000020000200000000000000000000000000020000000000000000020000

00200000000000000000000000101000000000000000102002101010000200000000000000000000000000000000000000020000000000000000200000000000

20020002000000000000000001000000000000200001000001000001000000000000000000000000000000000000000000000000000000000000000000000000

00000000000000000000200010100000000000000012100010100000100000000000000000000000000000000000000000000000000000000000000000000000

00000000000020000200000100202000000000200100000000010000010000000000002000000000000000000000000000200000000000020000000002000000

00000000000000000000001010000200000000001000000200102000001000000000000000000000000000000000000020020000202200000000000020000000

00000000000000000000000001200000000000010002000200000000000100000000000000000000000000200000000200000000000000002000000000000000

00000000000000000000000010100000000200101000200000000000001010000002000000000000000000000000000200000000000000000000000000000000

00000000000000000000200100010000000001000100000000000002010001000000002000000000000002002000000000000000000000000000000000000000

00000000000000000000001000121000000010101210000000000000001010100000000000000000000000000000000000000000020000000020033200000000

00000000000000000000010101200200000100000001000000000000010000010000200002000000000000000000000000000000000000200000033302000000

00000000000000000000100000100000000010000010102000000200101000101000000000000000002000000000000000000000000002000000033300000000

00000200000000000001010000010000000101000100000002000001000121000100000000000000000000002002000000022000000020000000000000000002

00200000000000000010021000101200001000101010000000000010101000100010000000200000000200000000000000000000000020002000000000000200

00000000200200000101010100000100010101200001002000000100000100010101000000002000000000000000000000000000000000020000000000000000

00000000000000001000000010021010220000100010100000001010001010100000100000000000000000000000000020000000000000000002000000000000

00000000000000010100000001010000000001210102010000010001010000010001010000002000200000000000000000000000000000000000002200000000

20000000000000100210000010001020000010000000020000121020001000101010001000000000000000200020200000002000000000000000000000020002

00000200002000000201000101020000000101000000000001000000010101000001010100000200000000000000000000000020000000000000000000000000

00000200000000000200101000000000201000020000000010100000000000000010000010020000000000000000000000000000000000000000000000000002

00000000000000000001000120000000200100000000000000010000000000200101000001000000002000000000000000000000000000000000000000200000

00000000000000020010101010000000201010000000000000101200000000001000100010100000000000000000000000000000000000000000000000200000

00000000000000000100000001000000000201000000002021000102000000000101010100010000000000000000000000000000000000002000000000000000

02000000000000201020000010100000000000000000002010201000000000001000000010102000200000000000000000000000000000000000000000000000

00000000000000000020000120010000000000020000000000000100000000012100000100000002000000000000000000000000000000000000000000020000

00000020000000000000001000101000000000000000000000000010000200100010001000000000000000000000000000000000002000000000000000002000

00000000000000000000010101000100000000000000000000000101000001010101010100000000000000000002000000000000000000000000000000000000

00000000000000000020100000101010000000000000000000001000122010000000020012000000000000000000000000000000000000000000000000000000

00000000000002000000012001000020000000000000000000010101000001002000000102000002000000200000000000000000000020000002000000200000

00000000000000000000201020100000000000000000002000100000100010100000001000000000200000000000000000000000000200000000000000000000

00000000000000000002000000010000000000000000000001210002010102000000010100000000000000000200022000000000000000002000000000000000

00000000000000000000000000201000000000020000000010000000000000000000100000000000000000000000000002000000000000200000000000000020

00000002000000000000000000002100000000000000000100000020000000000001010000000000000000000000020000000000000000000000000002000000

00000000000000220000000000001210000000000000001010000000000000000000001000000000000000000000020200000020000000000000000000000002

00000000202000000000000000010201000000000000010000020000000000002020010100000002200000000000000000000000000000000000000000000000

00000000000000000000000000000020100000000200101000000000200000000000100010200000000000022000000000200000000000000000000000000000

00000000000000000000000000020002210000000001000020000000000000000001012100200000000000000000000000000020200000000000000000000002

00000000002000000000020000000000002000000010100000000000000000002010000010000000000200000000000000000000000000000020002000000000

20200000000000000000000000000000000000000100010000000000000020000001000101000000000200000000000000000000000000000000000000220000

00000000000000002000000000000000000000000010101000020000000002000010001000100000000000000000000000000000002000000000000020000000

00000000000000000020000000000000000000000102000100000000000000000102010101010000000000022000000000000000000000000020002000000000

00000000000000020000000000000000000020001000201020000000020000000002000000001000000200000000000000000000000022000000200000000000

00020020000000000000000000000000000020010100000020000002000000000000000200010100000000002000000000000000000000000000000000000000

00000000020000002020000000000000000000100220002000000000000000000000000000000000000000000000000000020000000020000000000200000000

00000000000000000000000000000000000001010000000000000000000000000000000000000000002000000000000000000000000000000000000000000200

00000020000000000000000000000000020010001000000000000000000000000000002000000000000000000000000000020000020200000000020000000002

00000000000000002000000000000000000101010100000000000000000000000000000000000000000000000000020000000000000200000000000000000000

00000000000000000000000000000000001000000010000000000000002000000020000000000000000000000000002000000000000000000000000000000000

00000000000000000000000000000000010100000001000200000000000000000000002000000000000000000000000000000000000000000000000000000000
