00000000000000000200000000000000000000000000000000000000000000001000200002000000000000002000000000000000000000000000000002002000
00202002000000000000000000000000000000000000000000000000000000000000000002000020000000000002000000020000000020000000000000000000
00000000000000000020000000000000000000000000000200000200000000000000000000000000000000000000000200000000000000000000000000000000
00000000000200000000000000000000000000000000000000000002000000000000200000002000020000000000000000000000000000000020000002000000
02000000000000000000000000000000000000000000000000002000000000000000000000000000000000000000000000000000020000000000000002000000
00000000000000000000000000000000000000020000000000000000000000000000000000000000000000000000000000000000000020000000000000000000
00000002000020000000000020000000000000000000200000000000000000000200002000000000000000000000000000000000000000000020000000000200
00000000000000200000000000000000000000000000000000002000000000000000000000000000000000000000000000000202000000000000000000000020
00000000000000000000000000000000000000000000000200000000020000000000000000000000000000000000000000000000000002000000000000000000
00000000000020000000000020000000000000000000020002000000000000000000000020000002000000000000000000000000000000000000202000000200
00000000000000000000000000000000020000000000000000000000000000000000000000000000000000000200020020000000000000000000002000000000
00000000000000000000000000000000200000000000000000000000000000000000000000000020000000000000000000000020000000000000000000000000
00000000000020020000000000000000000000000000000000000000000000020000000000000000000000000000000000000000000000000000000000000000
00000000000000000000000000000000020000000000000000000000000000003230000020000000000000000000000000020200000000000000200000220000
00000000000000000000002000000000000000000000000000000000000000003332000000000000000000002000000000000000000000000000000002000000
00020000000000000000000000200020000000000000000020000000020000003330000000000000000000000000000000000000000000000000000000000000
00000000000000000000000000002000000000000000000000000000000000000000000000000000000200000000020000000000000000000000000000000000
00000000000000000000000000000000000000200000000002000000000000000002000000000000000000000000000000000000000000000000002000200000
00002000000000000000000000000000000000200000000000000000000000000000000000000000002000000000000000000000000002000000000000000000
00200000000000000000000200000000000000002000000000000000000000000000000000000000002000000200000000000000000000000000000000200000
00000000000000020000200203330000000000000000000000200000000000000000000000000000000000000000000000000000000000000000333000000000
00020000000002000200000003330020000000000000000000000002000002000000000000000000000000000000000000000000000000000000333200000000
00000200000000200002000003330000000000002000000000000002000000000000000000000000000020200000000000000000022000000000333000002000
00020000000000000000000000000000000000000000000000000002000020000000000200000200000200200000000000000000000002000000000002000000
00000020000000000000000000000000000000000000000000000000000020000000000000000020200020000000002000000000000000000200000000002000
00022000000000000000000000000000000000000000000020020000000000000000000000200000000000000000002000000000200000000200000000000000
00000000000000200000000000000000000000000002000000000000000000000000000000000000000020000000000000002000000000000000000000000020
20000000020000000000000002000002000000002000000000002000000000020200200000000000000000000000000000000000000000000002200000000000
00000000000000000020000000000000000000000000000000000000000000000000000000000002000000000000000000000000000000000000000000000200
00000000000000000020000000002000000000000000002002000020000000000000000000000000000020000000000000000200000002000200020000000000
00000000200000020000000200000000000000000000000000000000000000000000000000020200000000000000000000000000000200000000000000222000
00000000000000000000000020020002000000000022000000000000200000000000000000000000000000200000000000000000000000000000020000000000
00000000000000000000000000000000000000000002002000000000000000000000000000000000000000020000000000000000000000020020000022000000
00000000000002000000000000000000000000000000000000002000000002000000002000000000002000000000000000000000000000000000000000000000
00000000000000000000000000002000002000000000000000000000000000000000000000000000000000000020200000000200000000000000000000002200
00000000000000000000000000000002000000000000000000200000000020000000000000000000000000000000000000000000000000000000000200000000
00220000000000020000220000000002000000000002020000000200000000000000020200000000000000000000020000000000000000000000000000000002
00000000000000000000000000000000000000000000000000000000000000000000000000020000000000000000000000000000000000000020000000000000
00000000000000000000000000000002000000000000000000000000020000002000000000000000000000200000000000000000000000000000000000000000
00002020000000000000020000002000000002000000000020000000000000002000000000200000000000000000000000000000000000000000000000000000
20000000000000000000000000000000000000000000000000000000000002020000000000000002200000000000000000000000000000200000000000000000
00000000000002000000000200000000000000000000000000200000200020000000200000000000000000000200000020000000000000000000000002000020
00000000000000000202000000000002000000000000000000000200000000000000000000000000000000000000000000000000000000000200200000000000
00200000000002020000000002000000000000000000000000000000000000000000000000000000000000000000000000000000000000000000000000000000
00000002000000000000000002000000002000000000000000000000000000000000000000000000000000000020000000000000000000000000020000000000
00000200020000020000000000000220000000000000000000002000000000000000000000000000020000000000000000002000000000000000000000002000
00000000000200000000000002000000000000000020000020000002000000000000000000000020000000000000000002000000000000000000000000002000
00000000000000000002000000000000000000000000000000000000020000020000000000000000000220000000000000000002000000000020000000000020
00000000200000000000000000000000200000000000000000000000000000000020000002000000000000020000000000020000200000000000000000200000
02000000000000200000000000000000000000000200000000000000000000000000000000000000000000000000000000000000000000000000000000020000
00000000000000000000000200200000000002000000000000000002020000000000000000000000000000000002000000000000000200000000000000020000
00000020200000002000000202000000000020000000000000020000000000000000000000000000000000000020200200000000020000000000000000000000
00002000000000000000000000000000002000000020022000000000000000000000000000000000020000000000000000000000200000200200020000002000
00000000000000000000000000000000000000002200000000000000000002000000000000200000000000002000000000000002202000000000000000000000
00000000000200000000000000000000000000000002000000000000000000000002000000000000000000000000000000000000000002000000000000020000
20200000000000000000000000000000000000000000000000002000000002000000000000000000000000000000002200200000020000000000002000000000
00000000000000000000000000000000000000000000000000000020000000000000000000000000000002200020000020000000000000000000000000000020
00000000000000000000000002000000000020000000000000000002000000000000000000000000000000000000002000000000000000000000000000000000
00000000000000000000000000002002000000000000000000200002000000000000000000000000000000020000000000000000000000000000000000002000
00000000000000000000000000000000000200000000020000000000000000200020000000000000000000000020000000000000000000000000000000200000
02002000000000000000000000000000002000000000000000000000000000000000000002000000000000000200000020000000000000000020000000000000
00000020000000020000002000002020000000020000000000000000000000000000000000000000000000000000000020000000000000000000000000000000
20000200000000000000000000000000000000000000000000002000000000000000000000000000000000000000000020000000000000000000200000000000
00000002000003330000000000020000000020000000000000000020000000000000000000000000000000002000000000000000002000000000000000000200
00000020000023330000000000000000000000000000000000000000000000000000000000000000000020000000000000000000000020000000000000000000
00020000000003330000000000000000000020000000000000000000000000000200002200000000000000000000000000000020000000000000000000000000
00000000000000000000000000000000000000000000000000000000002000000000000000000000000000000000000000000000000000200000000000000000
00020000000000000000000200020000000002000000002000000000002200000000000000000000000200000000000000000000000000000002000000002000
00000000000000000000000000200000000000000000002000000000000200000000000000000000000000000000000000000000000000000000000000000200
00002000000000000200000000000000000000000000000000000000000000000002200000000000000000000000000000000000000000000000000200000000
00000000000020000000000002000200000200000000000200020000000000000000000000000000020020000000200000020000200000000000000000000000
00000000000000000000000200000000000000000000000000000200000000000000000000000000000000000000000000000000000000000000000000000000
00000000000000000002002000000000000000020000200000000000002000000000000000000000020000000000000000000000000000020000000000000000
00000000000000000000000000000000000000000000000000000000000002000020000000000020000000002200000000200000000000000000000000000000
00000000000200002000000000000000000000000000000000000000000000200000000000000000000000000000000000000200200000000000000002000000
00000000000000200002000000000000000000000000000200000000000200200000000000200200000000000000000000000000000000000000000000000000
00000000000000020000020000200000000000002000000000000000020000000000000000000000002000000000000000000000000000020000000000000000
00000020000000000000000000000000000000000000000000000000000000000000000000000000000020000000000000000000200000000000000000000000
00022200002000000020000000000002002002000000000000200000020000000000002200000000000000000000000000000000000000000000000000000000
00000000000000000000020000000000000000000000000000000000000000000000000000000000000000000000002000000002000000200000000000000000
00000000000000000000000000000000000000000200000000000000200000000000020020000000000000000000000000000000000000000000000000000000
00000000200000000000000002000000200000000000000000002000002000200000000000020000000000000000200000002000000000000002020000000000
00000000000000000200200000000002000000000000000000000000000000000000000000000000000000000000000000000000000000000000000002000000
00000000000000000000002000000200000020200000000000000000000000000000000020000000002000000000200000000000000000000020000000000000
00000000000000002200200000000000000000020000000000000000000000200000000000000000000000000000000000000000000000000000000000000000
00200000000000000200020000000000000002000000000000000000000000000000200000000000000000000000000200000000000000020000000000000000
00020000000000000000000000000000000000000000000000000020000000000200020000002000000000000020000022002000000000000000020000000000
00000000000000000000000000000000200000000000000000000000022200020000000000200000202000020020000000002000000000000020000000000000
00000000000200000000000000000000000200000000020000000200020000000000000000000000000000000000000000000000000002200000000000002000
02000002000000000000000000000000000002000000000200000000000200002000000000000000000200000000000000200000002000000002000000000000
00000000000000000000000000000200020000000000020000000000202000000020000000000000000000000000000000000000000000000000000000000000
00000000000000000000000000000000000000000000000000020000000000000200002000020000000000000000000000020000002000200000000000000220
00000000000020200000000000000000000000000000000000020200000000000000000000000000000000000000000000000000000000000000000000002000
00000000000000000000000200000002000000000000000002000000000000000000000000000000000002000000000000000000000020000000000000000020
00000000000000000000000200000000000000000000000000000000002000000000000000000000022000000000000000020000000000200200200000200000
00000000000000000200000000000000000000000000000000000000000020000000000200000000002000000000000200000000000000000000000000000000
00000000000000002000000020200000000002002000000000000000020020000000000000200000000000000000000000000000002000000000020000200000
00000222020000000200200000002002000000000002000000002002000000000000000000000000000000002000000000000000000020000000000000002000
00000000000000000000000000000000000000000000000020000000000000000000000000020200000000000000000000000000000000000020000000000020
00000000202000000000000200000000000000000000000000200000000002000000000000200000000000020000000002000000002000000000000000200000
00000000000000002000000000000000000000000020200000000000000000000000000000000020000000000000000000000000000000000000000000000000
00000000000000000000020000000000000000000020000000000000000220000000000002000000000000000000000000000000000000000002000002202000
00000000200000000000000000000000000000000000000000000002000000000000000000000200000000002000000000000000000000000000000000000000
00000000000000000000000000000000000000000000000000000000000000000000020000000000000000200000020000200000000000000000000000000000
00000000000000000000000000000020000000000002000000000000000000000000000000000000000000000000000000000000000000002000000000000002
00000000000020000000000000000000000000000000000000000000000000000000000000000000000000000000000000000000000000000000000002000000
00000000000000000000000002200000000000000000000000000000000000000000000000002000000000000000000000000000000200000000000200000000
00000000000000000000000000020000000000000000000020000000000000000000000020000000000000000000000000200000000020000000000000000020
00000000000000000000000000000000000000020000000002000020000000000000000000000000000200000000000000000000000000000000000000000000
00000000000000000000000000000000000000000000000020000000000000000002002000200000000000000200000020000000000000200000000002000020
00200000020000000000000000000000000000000000000000200000000002000000000000000000000000000000000000000000000200000222000000000000
02000000000000200000002000000000020000000000000000000000000000000000000000000000000000000000000000000000000000200000000000000000
00000000000000000000020200000000000000000000000000000022000000000000000000020000002000000000000000000000000000020000000000000000
00000000000000000000000000000020002000000000000200000000000000200200000200000000000000000000000020000000020000000000000000000000
00000000000000002000000000000000000000000000000000000000000000000000000000000200000000000000000000000000000000000000000000020000
00000000000000000000000000000000000000000000000000000000000000000000000000000000000000000000000000000000200000000000000000000000
00000000000000000000000000000000000000200002000000000000000000200022000020200000020200200000000200220000000000002000000000002000
00000000000000002000000000000000000000000000000000000000000000200000000000000000000000000000020000000000020000000000000000000000
00000000000000200000000000002000000000000000020000000000000000000200000020000000000000000000000032300000000200000000000000000000
00000000000000000000000000000000200000000000000000000000000000000000000020200000000000000000000033302000000000000000000000000000
00000000000000000000002000000000000200000000000000000000000022000000000000000000000000000202000033300200000000000000000000000200
00000000000000002002000000000000000002020000000000000000000000000000000002000000000000000000000000000000000000000000002000000000
00000002000000000000000000000000000000000000000000000000000000000000000000002002000000000000020000000000002000000000000000000000
00000000000000000000000000200000002000000000000000020000000000000000000002000200000000000000000002000020000000000000000000200000
00020020002000000000000000000000000000000000000000000000000200000000000000000000000000000000000000000000002000000200000000002000
00000000000000000000000000000000000000000000000000200000000000000000000000000000000000000000000000000000000000000000000000000000
00000000000000000000000000000000000000000000000000000000002000000000002000000000000000200000000000000000000020020000000000000000
00000000000000000000000000000000000002000000000000000000000000000020000020000002000000200002000000000200000000000000000000000000

00202002000000000000000000000000000000000000000000000000000000010100000002000020000000000002000000020000000020000000000000000000

00000000000000000020000000000000000000000000000200000200000000000010000000000000000000000000000200000000000000000000000000000000

00000000000200000000000000000000000000000000000000000002000000000101200000002000020000000000000000000000000000000020000002000000

02000000000000000000000000000000000000000000000000002000000000001000100000000000000000000000000000000000020000000000000002000000

00000000000000000000000000000000000000020000000000000000000000010101010000000000000000000000000000000000000020000000000000000000

00000002000020000000000020000000000000000000200000000000000000100200002000000000000000000000000000000000000000000020000000000200

00000000000000200000000000000000000000000000000000002000000001010000000000000000000000000000000000000202000000000000000000000020

00000000000000000000000000000000000000000000000200000000020010000000000000000000000000000000000000000000000002000000000000000000

00000000000020000000000020000000000000000000020002000000000001000000000020000002000000000000000000000000000000000000202000000200

00000000000000000000000000000000020000000000000000000000000010000000000000000000000000000200020020000000000000000000002000000000

00000000000000000000000000000000200000000000000000000000000101000000000000000020000000000000000000000020000000000000000000000000

00000000000020020000000000000000000000000000000000000000000000120000000000000000000000000000000000000000000000000000000000000000

00000000000000000000000000000000020000000000000000000000000001013230000020000000000000000000000000020200000000000000200000220000

00000000000000000000002000000000000000000000000000000000000010003332000000000000000000002000000000000000000000000000000002000000

00020000000000000000000000200020000000000000000020000000020101003330000000000000000000000000000000000000000000000000000000000000

00000000000000000000000000002000000000000000000000000000000000100000000000000000000200000000020000000000000000000000000000000000

00000000000000000000000000000000000000200000000002000000000001010002000000000000000000000000000000000000000000000000002000200000

00002000000000000000000000000000000000200000000000000000000010001000000000000000002000000000000000000000000002000000000000000000

00200000000000000000000200000000000000002000000000000000000101010100000000000000002000000200000000000000000000000000000000200000

00000000000000020000200203330000000000000000000000200000001000000010000000000000000000000000000000000000000000000000333000000000

00020000000002000200000003330020000000000000000000000002010102000101000000000000000000000000000000000000000000000000333200000000

00000200000000200002000003330000000000002000000000000002000000001000100000000000000020200000000000000000022000000000333000002000

00020000000000000000000000000000000000000000000000000002000020010101000200000200000200200000000000000000000002000000000002000000

00000020000000000000000000000000000000000000000000000000000020100000100000000020200020000000002000000000000000000200000000002000

00022000000000000000000000000000000000000000000020020000000000010001010000200000000000000000002000000000200000000200000000000000

00000000000000200000000000000000000000000002000000000000000000101010001000000000000020000000000000002000000000000000000000000020

20000000020000000000000002000002000000002000000000002000000001020201210100000000000000000000000000000000000000000002200000000000

00000000000000000020000000000000000000000000000000000000000000000000000010000002000000000000000000000000000000000000000000000200

00000000000000000020000000002000000000000000002002000020000000000000000101000000000020000000000000000200000002000200020000000000

00000000200000020000000200000000000000000000000000000000000000000000001000120200000000000000000000000000000200000000000000222000

00000000000000000000000020020002000000000022000000000000200000000000010101010000000000200000000000000000000000000000020000000000

00000000000000000000000000000000000000000002002000000000000000000000100000001000000000020000000000000000000000020020000022000000

00000000000002000000000000000000000000000000000000002000000002000001012000010000002000000000000000000000000000000000000000000000

00000000000000000000000000002000002000000000000000000000000000000010001000101000000000000020200000000200000000000000000000002200

00000000000000000000000000000002000000000000000000200000000020000101010100000000000000000000000000000000000000000000000200000000

00220000000000020000220000000002000000000002020000000200000000001000020210000000000000000000020000000000000000000000000000000002

00000000000000000000000000000000000000000000000000000000000000010100000101020000000000000000000000000000000000000020000000000000

00000000000000000000000000000002000000000000000000000000020000102010000000000000000000200000000000000000000000000000000000000000

00002020000000000000020000002000000002000000000020000000000001002001000000200000000000000000000000000000000000000000000000000000

20000000000000000000000000000000000000000000000000000000000012020000100000000002200000000000000000000000000000200000000000000000

00000000000002000000000200000000000000000000000000200000200121000001200000000000000000000200000020000000000000000000000002000020

00000000000000000202000000000002000000000000000000000200001000000000100000000000000000000000000000000000000000000200200000000000

00200000000002020000000002000000000000000000000000000000010100000001010000000000000000000000000000000000000000000000000000000000

00000002000000000000000002000000002000000000000000000000100010000010000000000000000000000020000000000000000000000000020000000000

00000200020000020000000000000220000000000000000000002001010001000101000000000000020000000000000000002000000000000000000000002000

00000000000200000000000002000000000000000020000020000012000010101000000000000020000000000000000002000000000000000000000000002000

00000000000000000002000000000000000000000000000000000000020100020100000000000000000220000000000000000002000000000020000000000020

00000000200000000000000000000000200000000000000000000000000010000020000002000000000000020000000000020000200000000000000000200000

02000000000000200000000000000000000000000200000000000000000100000000000000000000000000000000000000000000000000000000000000020000

00000000000000000000000200200000000002000000000000000002021000000000000000000000000000000002000000000000000200000000000000020000

00000020200000002000000202000000000020000000000000020000010100000000000000000000000000000020200200000000020000000000000000000000

00002000000000000000000000000000002000000020022000000000000010000000000000000000020000000000000000000000200000200200020000002000

00000000000000000000000000000000000000002200000000000000000102000000000000200000000000002000000000000002202000000000000000000000

00000000000200000000000000000000000000000002000000000000001000000002000000000000000000000000000000000000000002000000000000020000

20200000000000000000000000000000000000000000000000002000010102000000000000000000000000000000002200200000020000000000002000000000

00000000000000000000000000000000000000000000000000000020100000000000000000000000000002200020000020000000000000000000000000000020

00000000000000000000000002000000000020000000000000000002010000000000000000000000000000000000002000000000000000000000000000000000

00000000000000000000000000002002000000000000000000200002001000000000000000000000000000020000000000000000000000000000000000002000

00000000000000000000000000000000000200000000020000000000010100200020000000000000000000000020000000000000000000000000000000200000

02002000000000000000000000000000002000000000000000000000100010000000000002000000000000000200000020000000000000000020000000000000

00000020000000020000002000002020000000020000000000000001010101000000000000000000000000000000000020000000000000000000000000000000

20000200000000000000000000000000000000000000000000002010000000100000000000000000000000000000000020000000000000000000200000000000

00000002000003330000000000020000000020000000000000000021000001010000000000000000000000002000000000000000002000000000000000000200

00000020000023330000000000000000000000000000000000000000100010001000000000000000000020000000000000000000000020000000000000000000

00020000000003330000000000000000000020000000000000000001010101010200002200000000000000000000000000000020000000000000000000000000

00000000000000000000000000000000000000000000000000000010002000000000000000000000000000000000000000000000000000200000000000000000

00020000000000000000000200020000000002000000002000000100002200000000000000000000000200000000000000000000000000000002000000002000

00000000000000000000000000200000000000000000002000001000000200000000000000000000000000000000000000000000000000000000000000000200

00002000000000000200000000000000000000000000000000010100000000000002200000000000000000000000000000000000000000000000000200000000

00000000000020000000000002000200000200000000000200120010000000000000000000000000020020000000200000020000200000000000000000000000

00000000000000000000000200000000000000000000000001010201000000000000000000000000000000000000000000000000000000000000000000000000

00000000000000000002002000000000000000020000200010000000102000000000000000000000020000000000000000000000000000020000000000000000

00000000000000000000000000000000000000000000000101000001000002000020000000000020000000002200000000200000000000000000000000000000

00000000000200002000000000000000000000000000001000100010100000200000000000000000000000000000000000000200200000000000000002000000

00000000000000200002000000000000000000000000010201010100010200200000000000200200000000000000000000000000000000000000000000000000

00000000000000020000020000200000000000002000000000000010120000000000000000000000002000000000000000000000000000020000000000000000

00000020000000000000000000000000000000000000000000000000010000000000000000000000000020000000000000000000200000000000000000000000

00022200002000000020000000000002002002000000000000200000121000000000002200000000000000000000000000000000000000000000000000000000

00000000000000000000020000000000000000000000000000000001000100000000000000000000000000000000002000000002000000200000000000000000

00000000000000000000000000000000000000000200000000000010201010000000020020000000000000000000000000000000000000000000000000000000

00000000200000000000000002000000200000000000000000002000002000200000000000020000000000000000200000002000000000000002020000000000

00000000000000000200200000000002000000000000000000000000000000000000000000000000000000000000000000000000000000000000000002000000
