00000000000000000020200000000000000000000000000000020000000000001000000000000000002000000002000000000000000000000000000000000202
02000020000000000000000200000000000000000000000000000000000200000000000000000002000002000220200000000200000000000000000000000000
00000000000000000000000000200000200000000000020000000000000000000000220200200000020000000000000002002000000200000000002200000000
20002000000020000000000000000020000000000000000000000000000000000000200000000000000000000000000000000000200000200000000000000000
00000000200000000000200000000000000000000000000000020000000000000000000000000000000000020000000000002000000000000000000000000000
00000000002000000000000000000000200000000000000000000200000000000000000000000000000000000000000000000000000000000000000000000000
00020000000000000000000000000200000000000000000000000002000000000002000000002000000000000000000000000000000000000000000000000000
00000000000000000220000000000000000000002000000200000000000000000000002000000000000000000000000000000000000000200000000000000000
00000000000002000000000000000000200000000020000000000000000000000000000000000000000000000000000000000000002000000000000000000000
00000000000000000000000020000000000000000000000000000000000000000000000000020000000000000200000020220000000000000000000000000000
00000000000000000000000000000000000000000002000000000000000002000000002000000000000000020000000000000000000020000000000020000000
00000000000000000000000000000200022000000000000000000000002000000000000000000020000002000000000000000200000000020200000000000000
22000000200000000220000000000000000000000000000000000000200000000000000200000000000000000000020000000000000000000000000000000000
00000000000000000000200200000000000000000000000000000000000000000000000000200000000000022000000002000000000000002000000000000000
00000000020000000000000000000000000000000000000000000000000000000000000000000000000200000000002000000000000000000000000000000000
00000002000000020020000000000000020000000000000000000000000000002000000000000200020000200000000000000000000000000000000000000000
00000000000000000000002000200000000000000002000000000000000000000000000000020000000000000000000000020000200000000000000000000000
00000000000000000020000020000000000002020000000000020000000000000000020000000000000000000000020000020000020200000000200000000020
00000000000000000000000000000000000020000200000000000000000000000000000000000000000000000000000000000022000000000000000000000000
00000000000000000000000000000000000000000000000000020000002002000000000000000000332333333333333333300000000000000000000000000000
00002000000000200000000000002000000000200002000000000000000200000220200000000000233333333333333333300000020000000200200000000000
20000000000000000000000002000000000000020020000000020000000002200000000002003333344444444244444443300000000000000200000000000000
00000000000020000000000000000000000000000000000000000000000000000000000000023333445555555555255443300000000000000000000000000000
00200000000000000020000200200000000000200000200000000200000000000000000000003244425666666666665443302000200000000020000000000000
00000000000000000000000000020000000000000000000000000200000000000000000000003344556666666666625443300002000000200000002000000000
00000200000000000000000000000000000000000000000000000000000000000000000000003344562666666666665422300000000000000020000000000000
00000000000000000200000000002000000200000000002000000000000000000000000000003344566666666662665443300000200002000000000000000000
00000000000000000000000000000000000000000000000000000000000000000000000000003344566666266266665443300020000000000000000000000000
00000000000000000000000000000000000000000000000000000020000000000000000000003344566266666666665443300000000000000200000000000000
00000000000000000000000000000000000000000000000000000000000000000000000000003344566666662666665443302000000000000200000000200000
20000000000000000000000000000000000000000000000000000000000000000000000000003344566666666666625443200200000000000000020000020000
00000000000000000000000202200000002000000002000000020000000000000000000000003344566666666666665443300000000000000000000000000000
00000002000000000000000000000000000003333333323333333333000000000333333333333445666666266666665443300000000002000000000000000000
20000000000000000200000000000200000003333333333332333333000000000333333333334455666666666666665443300000000000000002000000000200
00000000000000000000020000000000000003344444444444444433000000200332244442444256666666666666655443300000000000000000000200000000
00000000000000000000200000000000000003344444444444444433002000200334444444445566662666666666554443300020020000000020000000000000
00000000020000000000000000000000000003344555555555552433000000000334455555555666666655555555542333300000020000000000000000000020
00002000000002000000000000000000200003344555555555554433200000000334455555526666665544444444443333200000000000000000000000000000
00000000000000000000000000000000000023344556666666554433000000002334455666266662554433333333333200000000000000000000000000000000
00000000000000000000000000000000000003344556666626554433000000002334455666666665544333333333333000000000020000000000000020000000
00000000000000000000000000000000000003344556666666554433000000000334455666666655443320000000000000000000200000000020000000002020
00000002000000000000200000000000000003344556666666554433000000000334455666666655443300000000000000000000000000000000002000000000
20000000000000020000000000000000000003344556666662552433000000000334452666666655443320020000000000000020000000002000000000000000
00000000000020000000000000000000020202344556666666554433020000000334455666666652443200000000000000020000000000000000000000000000
00000000020020000000000000002000020203344556662666554433000000000332455666666655443300000200000002000000200020000000000200000000
00000000000000200000000000000000000003344552555555552433000000000334455555555555243300002000000000020000000000000000000000000000
20000000000000000000000020002000000003344555555555554433000000000334455255555555443300000000002000000020000000000000000000000000
00000002000000200000002000000000000003344444444444444422000000000334424444444444443300020000000000000000000000000000000000000000
00000000000000000000000000002000000003344444444444444433002000000334444444444444423320000000000000000000000002000000000000000000
00020000000000200000000002000000020003333333233333333333000000000333333333333333333320000000000000000000000000020000000000000000
00002000000000000000000000000000002003333333333333333333000000000333333333333333333300020000000000000000000000000000000000000000
00000000000020000000000000000000020000000000000000000000000000000002020000000000000000000000000000000200000000020000000000000000
02000000000000000000000000000000000000000000000000020000000000000000000002000000000000000000200000000202000000000000000000000200
00000000000000000200000000000000000020000000000000000000000000000000000020000000000000000000000000000000000000000000000000000000
20000000000000000000000000000200000000002000000000000200000000000000000000000200000000000000000000000000000000000000000000000000
00002000000000000000000000200000000200000000000000000000000000020000200000200000000000000000000020000000000200000000000000000000
20000002002000020000000000020000000000000000000000000000000000000000000000000000200000000000002000000000000002200000002000000000
00000000000000000000000000000000020000000000000000000000000000000000000000020000000000000000000002000000000000000000000000020000
02000000000000000000000220200000000000000000020000000000000000000000000200000000000000020000000000000000000000000000000000020000
20000000000000000002000000000000000000000000000000000000000000000000000000000000000000000000000000000020000002000000000200000002
00000000000000020000000000000002000000000000000000000000000000000000000000000000000000000000000000000000200000000000000000000002
00000000000000000000000000000000000000000000000000000000000000000000000200020000000000000000200000000020000000000000000000000000
00000000000000020000000002000000000000000200000002000000000000000002200000000002000000000000000000000000200000000020000000020000
00000000000000000000000022000002000000000000000000000000000000002000000000200000002000000000000000000000000000002000000020000000
00000000000000000000000000002000000000000000000000000000000000000000000000000000000000000000000000000000000002000000000000000000
00000000020000000000000000000200020000000000000000000000000000002000000000020000000002000000000000200000000200000000020200000002
02000000000000000000000000000000000000000000000000200020020000000000002000000020000000000000000000000000200000000000000000000000
00200000000020200000000000000000000000020000000000000200000000020000020020000000020000000000000000000000000000200000022000000000
00000000000000000000000000000020000000000000000000000000000000000002000020000000002000000000000000000000000000020000000000000020
00002002000000000000000000000000000000000000000000200000000000000000000000000000000020000000000000000000002000000000000002000000
00000000000000000000000000000200000000000000000000000000000000000000000000000000000200000000000000000000000000000000220000000000
00000000000000000200000000000000000000000000000000000000000000002000000000000000000000000000000000000000200000000000020000000000
00000020000000000000000000000202000000020000000000000020000000000000000000000000000000000000000000000000000000000000000000000000
00000000000020000000002000000000000000000000000000000000000000000000000002000000000000000000002000000000000000000000200002000000
00020200200000000000000000000000000000000020000000000000000000000000000000200000000000002000000000000000000000000000000000000000
00000002000000000000000000000000000002000020000000000000000000000000000000000000020000200000002200000000000000000002000022000000
00000000000000000000000000000000200000000020000002000000000000000000000000000000000000000000000200000000000200000000000000020000
00000002202000020000000000000020000000000000000020000000000000000000000000000000000002000020000000000000000000000000000020000000
00000000000000000000000000000000000000000002000000000000000000000002000000000000000020000000200000000200000000200000000000000000
00000000000002000000200000000000000000000000000000000200000000000000000000000000000000000000000000000000200000200200000000002000
00000000000000000000200000000000000000000000000000000000000000000000200000000000000000000020000000000000000000002020000000002000
00000000000000202000002000000000000000000200002000000000000000000000000000000000000000200000000002000200000000000000000000000002
00000000000000020000000000000002000000000000000000000000000000000000000000000200000000000000000000200000000000000000002000002000
00000000000000000000000000000000000000000200000200000000000000000000002020200000020000000000000000000000000000200000000000000000
00000000000002000000000000200000000000000020000000000000000000000200000000000000000000000000000000000000000000000000000000000000
00000000000000000000000000000000020000000000020000000020000000000000000000000000000000000000000000000002000000000020000000000000
00000020000000000000000000000000000000000020000000000200000200000000000000000002002000000200000000000002000000000000000200000200
00000000000000000000020000000000000000000002000000000000000000000000000000002000000000000002002000200000000000000000000000000002
00200000000000002000000000323333333323333333300002000020000000000000000000000000000000000000000000000000020000000000000000000000
00000000000000000000000000323333333333332333300020000002000000000000020000000020000200000000002000000000000000000000000000000000
00000000200220000000000000334444444244444443300000000000000000000000000000000000000000000000000000000000020000000000000000000002
00000000000000020000000000334444444444444443300002000020000000000000000000000000000000002000002000000000000000000200000000000000
00000000000000202000000000334452555555555443300000000000000000000000000000000000000000020000020000000000000000000020000000000000
00000000002020000000000000324455555555555443300000000200000000000000000000022000000202000200000000000000000000020020000000000200
00000000000000020000000000334255666666655243300000000000000000000000000000000000000000000200000000000000000000000000000020000000
00000000000200220000000000334455666662655443300002000002020000000000000020000000000000000000000000200000000000000000000020000000
00000020000200000000000000334455666666625423300000000000000000000000000200000000000000000000000000000000000000000000000200000000
00000200000000000000000000332425666666655443300000000000000000200000000020000000000000000000000000000000000000000000002000000000
00000000000000000000000002334455266662655443300000200000000200000000000000000000000000000000020000000000000000000000020000000000
00000000000200000000000000334255666666655443300000000000000000020000000000000020000000000000000002000000000000000000000000000000
00000000000000020000000000324455666626655443300000000000000000202000000000000000000200000000000000000000000000000000000000000002
00000000000000000000000000334425555555555443300200020000200000000000000022000000000000000002000000000000000000000000000000000000
00000000000000000000000002334455555555555443300000000000000000000200000000000000000000000000000000000000002000000000002020000000
00000000000000000020000000334444444444442443300020000000000000022000000000000000000000000000000000000000000000000200000000200000
00000000200000000000000000334444444444444443300000000000000000200002000000000000000002000000200000000000200000020000000000000000
00000000000000000000000000333333333333332333300000000000000000000000000000000000000000000002000000000002000000000000020000000000
00000000000020000000000000333333323333323333300200000000000000002000000000000000000000000000000000000000000000000000000000200000
00000000000000000000000020000000000002000000000002000020000000000000000000000000022002000002000000000000000000000000000000000000
00000000000020000000202000002000000000000002000000000000200000000000000000000000000000200000000000000020000000000200000000002000
00000000020000000000000000000000000000200000000000000000000000000020000000000000000000000000000000000020000000002000000000000000
00000000000020000000020020000002200000000000000000000000000000000000000000000000000000002000000000000000000200000000000000000000
00000000000000000000000000000000020000000000000000202000000000000002000000200000000000000200000000000000000000000000000000000000
00000000000000000000000000000000000000000000000000000000000000000000000000000000200000000000000000002000000000000002000000020200
00000000000002000000000000200020000002200000000200000000000000000000000000000000000000000000000000000000000000000000020000000200
00000000000200020020000000000000000200000000000000000000000000000000000022002000000000000000000000000000000020000000000000000000
00000000000000000000000000000000000000000000000000000000000000020000000000000000000002000000000000200000020200000000000000000020
00000000000000002000000000000000000002000200000000000000000000000000000000000000000000000000000000000000000000000000000000002000
00000000000000000000000000000000000000000000000000000000000000000000002000000000000000000000002000000000000000000000000000000000
00000000020000020000000000000002000000000000000000000000000000000000000020000000020000200000000000000000000000000000000000000000
00000000000000000000000002000000000000000000000000000000000000020000000000000000000000000000000000020000000000000000000200000000
00000000000000000000000000002000000000000000000002000020000000000000000000000000000000000000200000000000000000000200000000000000
00200000000000000000000000000000000202000000020000000000000000000000000000000000000000000000000000000000000000000002000000002000
00000000000000000000020000002000000000000000000000000000000000000000000020000000000220000000200000000000020000000020000200000000
00000000000000000000022000000000000000000000000002002000000000000000000000000000000000000000000000002000000000000000000000002000
20000002000000002000000000000000000002000000000000000002000000000000000000000000000000002000000000000000000000000000000000000000
00000000020002000000002000000000000020000000000000000200000020000000000000000000000020000000000000000200202000020200000000000000
00000000020000000000000000000000000000000000000000000000000000020000000020000000000020000000000000000000000000000000200000000020
00000000000000000000000000000020000000000000000000000000000000000000020000000000000000000000000000000020000000000000000000000000

02000020000000000000000200000000000000000000000000000000000200010100000000000002000002000220200000000200000000000000000000000000

00000000000000000000000000200000200000000000020000000000000000100010220200200000020000000000000002002000000200000000002200000000

20002000000020000000000000000020000000000000000000000000000001010100200000000000000000000000000000000000200000200000000000000000

00000000200000000000200000000000000000000000000000020000000010000010000000000000000000020000000000002000000000000000000000000000

00000000002000000000000000000000200000000000000000000200000101000001000000000000000000000000000000000000000000000000000000000000

00020000000000000000000000000200000000000000000000000002001000000012100000002000000000000000000000000000000000000000000000000000

00000000000000000220000000000000000000002000000200000000000100000100012000000000000000000000000000000000000000200000000000000000

00000000000002000000000000000000200000000020000000000000001010000010101000000000000000000000000000000000002000000000000000000000

00000000000000000000000020000000000000000000000000000000010001000100000100020000000000000200000020220000000000000000000000000000

00000000000000000000000000000000000000000002000000000000100002101010002010000000000000020000000000000000000020000000000020000000

00000000000000000000000000000200022000000000000000000000012001000000000001000020000002000000000000000200000000020200000000000000

22000000200000000220000000000000000000000000000000000000201010100000000210100000000000000000020000000000000000000000000000000000

00000000000000000000200200000000000000000000000000000000000000010000000100210000000000022000000002000000000000002000000000000000

00000000020000000000000000000000000000000000000000000000000000101000001010101000000200000000002000000000000000000000000000000000

00000002000000020020000000000000020000000000000000000000000001002100010000000200020000200000000000000000000000000000000000000000

00000000000000000000002000200000000000000002000000000000000010101000101000020000000000000000000000020000200000000000000000000000

00000000000000000020000020000000000002020000000000020000000100000101020100000000000000000000020000020000020200000000200000000020

00000000000000000000000000000000000020000200000000000000001010001000000010000000000000000000000000000022000000000000000000000000

00000000000000000000000000000000000000000000000000020000012002010000000101000000332333333333333333300000000000000000000000000000

00002000000000200000000000002000000000200002000000000000100200001220201000100000233333333333333333300000020000000200200000000000

20000000000000000000000002000000000000020020000000020001010002210000000002013333344444444244444443300000000000000200000000000000

00000000000020000000000000000000000000000000000000000010001000001000000000021333445555555555255443300000000000000000000000000000

00200000000000000020000200200000000000200000200000000201000100010100000000013244425666666666665443302000200000000020000000000000

00000000000000000000000000020000000000000000000000000200101010100010000000103344556666666666625443300002000000200000002000000000

00000200000000000000000000000000000000000000000000000001000000010101000001013344562666666666665422300000000000000020000000000000

00000000000000000200000000002000000200000000002000000010100000100000100010001344566666666662665443300000200002000000000000000000

00000000000000000000000000000000000000000000000000000000010001010001000100013144566666266266665443300020000000000000000000000000

00000000000000000000000000000000000000000000000000000020101010001010101010103314566266666666665443300000000000000200000000000000

00000000000000000000000000000000000000000000000000000000000001000000000000013141566666662666665443302000000000000200000000200000

20000000000000000000000000000000000000000000000000000000000010100000000000103344166666666666625443200200000000000000020000020000

00000000000000000000000202200000002000000002000000020000000100010000000001013341516666666666665443300000000000000000000000000000

00000002000000000000000000000000000003333333323333333333001010101333333313331415661666266666665443300000000002000000000000000000

20000000000000000200000000000200000003333333333332333333010000000133333131314451616166666666665443300000000000000002000000000200

00000000000000000000020000000000000003344444444444444433101000201312241442441216666616666666655443300000000000000000000200000000

00000000000000000000200000000000000003344444444444444431002100200334444144415561662161666666554443300020020000000020000000000000

00000000020000000000000000000000000003344555555555552413101000000334451515151616161655155555542333300000020000000000000000000020

00002000000002000000000000000000200003344555555555554433200100000334415555526666665141414444443333200000000000000000000000000000

00000000000000000000000000000000000023344556666666554433001010002334151666266662551433331333333200000000000000000000000000000000

00000000000000000000000000000000000003344556666626554433010001002331455166666665514133313133333000000000020000000000000020000000

00000000000000000000000000000000000003344556666666554433101010100314151616666655143320100010000000000000200000000020000000002020

00000002000000000000200000000000000003344556666666554431000000010134455661666651413300010101000000000000000000000000002000000000

20000000000000020000000000000000000003344556666662552413000000100314452616166615441320120000100000000020000000002000000000000000

00000000000020000000000000000000020202344556666666554431020001010131455666616152413200000001000000020000000000000000000000000000

00000000020020000000000000002000020203344556662666554413000010000332155666166655443300000210100002000000200020000000000200000000

00000000000000200000000000000000000003344552555555552131000001000331415551515555243300002100010000020000000000000000000000000000

20000000000000000000000020002000000003344555555555551433000000100314451215551555443300001010102000000020000000000000000000000000

00000002000000200000002000000000000003344444444444414122000001010131424441414144443300020000000000000000000000000000000000000000

00000000000000000000000000002000000003344444444444144433002010000334444414444414423320000000000000000000000002000000000000000000

00020000000000200000000002000000020003333333233331313333000000000333333131333131333320000000000000000000000000020000000000000000

00002000000000000000000000000000002003333333333313331333000000000333331333131333133300020000000000000000000000000000000000000000

00000000000020000000000000000000020000000000000101010100000000000002020101000100010000000000000000000200000000020000000000000000

02000000000000000000000000000000000000000000001000020000000000000000000002001010101000000000200000000202000000000000000000000200

00000000000000000200000000000000000020000000010100000000000000000000000020010000000100000000000000000000000000000000000000000000

20000000000000000000000000000200000000002000100010000200000000000000000000001200001010000000000000000000000000000000000000000000

00002000000000000000000000200000000200000001010101000000000000020000200000210000010001000000000020000000000200000000000000000000

20000002002000020000000000020000000000000000000000100000000000000000000000100000200010100000002000000000000002200000002000000000

00000000000000000000000000000000020000000000000001010000000000000000000001020000000100010000000002000000000000000000000000020000

02000000000000000000000220200000000000000000020010001000000000000000000210000000001010121000000000000000000000000000000000020000

20000000000000000002000000000000000000000000000101010100000000000000000101000000010000000100000000000020000002000000000200000002

00000000000000020000000000000002000000000000001000000010000000000000001000000000101000001000000000000000200000000000000000000002

00000000000000000000000000000000000000000000010100000101000000000000010200020001000100010100200000000020000000000000000000000000

00000000000000020000000002000000000000000200100012001000100000000002200000000012101010100010000000000000200000000020000000020000

00000000000000000000000022000002000000000001010101010101000000002000000000200100002000010101000000000000000000002000000020000000

00000000000000000000000000002000000000000010000000000000100000000000000000001010000000100000100000000000000002000000000000000000

00000000020000000000000000000200020000000101000000000001010000002000000000020001000002010001010000200000000200000000020200000002

02000000000000000000000000000000000000001000100000200020021000000000002000000020100000001010000000000000200000000000000000000000

00200000000020200000000000000000000000020101010000000200010100020000020020000000020000010001000000000000000000200000022000000000

00000000000000000000000000000020000000000000000000000000100010000002000020000000002000100010100000000000000000020000000000000020

00002002000000000000000000000000000000000000000000200001010101000000000000000000000021010100010000000000002000000000000002000000

00000000000000000000000000000200000000000000000000000010000000100000000000000000000210000010101000000000000000000000220000000000

00000000000000000200000000000000000000000000000000000101000001012000000000000000000000000100000100000000200000000000020000000000

00000020000000000000000000000202000000020000000000001020100010001000000000000000000000001010000010000000000000000000000000000000

00000000000020000000002000000000000000000000000000010000010101010100000002000000000000010000002101000000000000000000200002000000

00020200200000000000000000000000000000000020000000001000100000000010000000200000000000102000000000100000000000000000000000000000

00000002000000000000000000000000000002000020000000010001010000000101000000000000020000200000002201010000000000000002000022000000

00000000000000000000000000000000200000000020000002101010001000001000100000000000000000000000000200001000000200000000000000020000

00000002202000020000000000000020000000000000000021000001010100010000010000000000000002000020000000010100000000000000000020000000

00000000000000000000000000000000000000000002000010000010000010001002101000000000000020000000200000100210000000200000000000000000

00000000000002000000200000000000000000000000000101000201000101000101000100000000000000000000000001010001200000200200000000002000

00000000000000000000200000000000000000000000001000000000100000101000201010000000000000000020000010001010100000002020000000002000

00000000000000202000002000000000000000000200012100000001010001000000000001000000000000200000000102010200010000000000000000000002

00000000000000020000000000000002000000000000100010000010001010100000000010000200000000000000001000200000101000000000002000002000

00000000000000000000000000000000000000000201000201000101010000010000002121200000020000000000010100000001000000200000000000000000

00000000000002000000000000200000000000000020100000101000001000101200001000100000000000000000100010000010100000000000000000000000

00000000000000000000000000000000020000000000020001000120010101000100010101010000000000000001010101000002010000000020000000000000

00000020000000000000000000000000000000000020000010101210100200101000100000001002002000000210000000100002001000000000000200000200

00000000000000000000020000000000000000000002000100000000010001000101000000012100000000000102002001210000010100000000000000000002

00200000000000002000000000323333333323333333301012000020101010101000100000100010000000001000000010001000120010000000000000000000

00000000000000000000000000323333333333332333310021000002000000000101020001010121000200010100002101010101010101000000000000000000

00000000200220000000000000334444444244444443101010100000000000001000000010000000100000100000001000000000020000100000000000000002

00000000000000020000000000334444444444444441300002010020000000010100000101000000010001012000012100000000000001010200000000000000

00000000000000202000000000334452555555555413100000001000000000100000001000100000100010021000120010000000000010000020000000000000

00000000002020000000000000324455555555555143310000010200000001010000010101022001010202010201010101000000000101020020000000000200

00000000000000020000000000334255666666651213101000100000000010001000100000000010000000000200000000100000001000000000000020000000

00000000000200220000000000334455666662615443300102000002020100000101010020000101000000000000000001210000010100000000000020000000

00000020000200000000000000334455666666621423301000000000000010001000001200001000100000000000000010001000100010000000000200000000

00000200000000000000000000332425666666615443310100000000000101210000010120010101010000000000000101000101010101000000002000000000

00000000000000000000000002334455266662151443100000200000001200001000100010100000001000000000021000101000000000100000020000000000

00000000000200000000000000334255666661655141310000000000010100020101010100010020010100000000010102000000000001010000000000000000

00000000000000020000000000324455666626151443301000000000100010202000000010101000100210000000100000000000000000001000000000000002

00000000000000000000000000334425555555555143310200020000210100000000000122000101010101000002010000000000000000010100000000000000

00000000000000000000000002334455555555551413100000000000100010000200001000001000000000100000001000000000002000100010002020000000

00000000000000000020000000334444444444412443310020000000010101022000000100010100000001010000010100000000000001010201000000200000

00000000200000000000000000334444444444141443100000000000100000200002001010100010000012001000200010000000200000020000100000000000

00000000000000000000000000333333333331332131310000000001010000000000010000010101000101010102000101000002000000000001020000000000

00000000000020000000000000333333323313121333301200000010001000002000101000000000101000000000001000000000000000000010000000200000

00000000000000000000000020000000000102000100000002000121010100000001000100000001022102000002010100000000000000000101000000000000

00000000000020000000202000002000000000001012000000001000200010000000101010000010000000200000000010000020000000000200100000002000

00000000020000000000000000000000000000210001000000010100000101000021000001000001000000000000000101000020000000002001010000000000

00000000000020000000020020000002200000101010100000100000001000100010100010100010100000002000001000000000000200000010001000000000

00000000000000000000000000000000020001000000010001212000010100010102010000210100010000000200000100000000000000000101000100000000

00000000000000000000000000000000000010100000001000001000100000100000001000100010201000000000001010002000000000000002101010020200

00000000000002000000000000200020000102200000010200010101010001010000010101010100000100000000010000000000000000000001020001000200

00000000000200020020000000000000001200000000000000100000001010001000100022002010001010000000101000000000000020000010000010000000

00000000000000000000000000000000010100000000000001010000010001020101010000000001010002000001000100200000020200000101000101000020

00000000000000002000000000000000100012000200000010001000101010000000001000000010001000000010101010000000000000001000101000102000

00000000000000000000000000000000010101000000000101010101000001000000012100000101010100000100002001000000000000010001000101000000

00000000020000020000000000000002100000100000001000000000100010100000100020001000020010200010000010100000000000101010101000100000

00000000000000000000000002000001010001010000010100000001010100020001010000010100000100000101000100020000000001000000000201010000

00000000000000000000000000002010000010001000100012000020000010000010001000100010001010001000201010000000000010100200000000001000

00200000000000000000000000000001000202000001020101000000000100000101010101010101010001010100000001000000000100010002000000012100

00000000000000000000020000002010100000000010000000100000001010001000000020000000001220000010200010000000021010101020000200000010

00000000000000000000022000000000010000000101000002012000010001010100000000000000010000000100000101002000010000000000000000002100

20000002000000002000000000000000101002001000100000000002100010000010000000000000101000002010001000000000100000000000000000001010

00000000020002000000002000000001000120010101010000000201010021000001000000000001000120000001010100000201202000020200000000010000

00000000020000000000000000000010101010100000001000000000000010120010100020000010101020000000000010000000000000000000200000101020

00000000000000000000000000000120000000010000010100000000000100010100020000000100000000000000000100000020000000000000000001000000
