0000000000000000003344555555555554413000000000000000000000000000002000
0000000000000000003344556666666554433000020000000000000000000000000000
0333333333333333333444556666666554433000000000000000000000000000000000
0333333333333333334444556666666554433000000000002020000000000000000000
0334444444444444444444556666666554433000000002000000000020000000000002
0334444444444444444444556666666554433000000020200200000000200000000000
0334425555555555444444556666666554433000000000000000000000000000000002
0334455555555255444244552666666554433000000000000000000000000000000000
2334455666666655444444555555555554433002000000000000002000000000000000
0334455666666655444442255555555554433020000000000002000000000000000000
0334455666666655444444444444424444433000200020000000000000000000000000
0334455666666655444444444444444444433020000000000020000000000000000000
0334455666666655444433322333333333333000000000000000000000000000000000
0334255666666665544433333332333333333000000000000000000000000000000000
0334455666666626554433223333300000000000000000000000000000000000000020
0334455555666666655424444443300000000000000000000000000000000000000000
0334452225566666665544444443300000200000000000002000000200000000000002
0234444424256666666555555443300000000000000000000000000000000000000000
0334444444255666626655555443300000000000000000000000000000000000000000
0333333333445566662666652243300000000000000002200000000000000000000000
0333333333344556666666255423300200000000000000000000000000000000000000
0000000000334455666666655443300000000000000000000020000000000000000000
2000200000334455666666655443300002000000000000000000000000020000000000
0000000000334455666666655443300000000000000000000000000200000000000020
0000000000334455666666652443300000000000000000000000000002000000000000
0000020000334455666666655443300000000000000000000000000000000000000000
0000000000334455555555555443300000020000020020000000000000000000200000
0000000000332455555555555442302000200000002000000000000000000000000022
2000000000334444444444444443200000000000000000000200000000000000000000
0000002000334444444444442443300000220200000000000000000000200000000000
0000000000333333333333333333300020000000000020000020000000000000020000
2000000000333333333333333332300000000000000000200020000000000000000000
0000000000000000002000000000000000000002000000000000000000000000000000
0000000000000000000000000000002000000002000000000000020000000000000000
0000000000000020000000000000000002000000002002000000000000000000000020
3333333333333000200000200000002000000000020000200000000020000000000000
3333333333323000000000000020000000000000000020000000000000000000000000
4444444444433000000000000000000000200000000000000000000000020000000000
4244444444433000200000000000000000000000000000000000000000000000000000
5555555554433020000000000000000000000000000000000000000000000000000000
5555555554433000000000000000000000000000000002000022000000002000000000
6666666554233000000000000000000000000020020000000000000000000000000000
6666666554433000000020000000000000000000000000000000000000000000000000
6666666554433000000000000000000000000000000000020000000000000000000000
6666666554433000000000200000000000200000000000000000000000000000000000
6266666554433000200000000000000020000000000000000000003333233333333333
6666666554433000000000000000000000002000000000000000003333333333333333
6666666554433000000000000000000000000000000020000000003324444444444444
5555555554433000002000000000000000000200000000000000003344444444444424
5555555554433000000000000000000000002000000000000000003344555555555554
4444444444433000000000000000000000000000000000000000003344555555555554
4444444444443333333333330000000000000000000000000000003344526666666554
3333344442444333333333330000000200000000200000000020003344556666666524
3333334444444444444444330000000000000000000000020000003342556666666554
0000032444444444444442330000020000000000000000000000003344556666666254
0000033445555555555544330000000000000000000000000000203344556666666554
0000232445555555555542330002000000000000000000000000203344556666666554
0020033445566666665544330000000000000000000002000000003344556666666554
0000033445566666662544330000000000000000000000000000003344555555255554
0000033445566666665544330000000000002000000000000000023344525555555554
0000033445566666665544330000000020000000000000000000003344444444444444
0000032445566666665544330000000220000000000000000000003344442442444444
0000033445566666665544330000020022000000000000000000003333333333333332
2000032445566666665544330000000000000200000000000000003323333333333333
0000033445555555555544330000000200000000020000000000000000000000000000
0000033445555555555544330000000000000000000000000002000002000000000000
0000033444444444444444330000000000000000000000000000200000000000000000
0000033424444442444444330000000000000000000020000000000000000000000000
0000033333333333333333230000000000000000000000000000000000000000000000
0000033323333333333323330000000000020000000000000000000000020020000000

0000000000000000003344556666666554131000020000000000000000000000000000

0333333333333333333444556666666551433100000000000000000000000000000000

0333333333333333334444556666666514131000000000002020000000000000000000

0334444444444444444444556666666154433100000002000000000020000000000002

0334444444444444444444556666661514431000000020200200000000200000000000

0334425555555555444444556666616551413100000000000000000000000000000002

0334455555555255444244552666161514433010000000000000000000000000000000

2334455666666655444444555551555551433102000000000000002000000000000000

0334455666666655444442255515155514131020000000000002000000000000000000

0334455666666655444444444144424144433000200020000000000000000000000000

0334455666666655444444441414444414433020000000000020000000000000000000

0334455666666655444433322331333131333000000000000000000000000000000000

0334255666666665544433333312131333133000000000000000000000000000000000

0334455666666626554433223133300101010000000000000000000000000000000020

0334455555666666655424444413301000000000000000000000000000000000000000

0334452225566666665544444141310100200000000000002000000200000000000002

0234444424256666666555551443300010000000000000000000000000000000000000

0334444444255666626655515143300101000000000000000000000000000000000000

0333333333445566662666152213301000100000000002200000000000000000000000

0333333333344556666661255421310200010000000000000000000000000000000000

0000000000334455666616155413300000101000000000000020000000000000000000

2000200000334455666166615141300002000100000000000000000000020000000000

0000000000334455661616155443100000001010000000000000000200000000000020

0000000000334455616666612441310000010001000000000000000002000000000000

0000020000334455161666151413301000101010100000000000000000000000000000

0000000000334451555151555441310101020000020020000000000000000000200000

0000000000332415151555155412302000200000002000000000000000000000000022

2000000000334444444141414141200000000000000000000200000000000000000000

0000002000334444441444442443100000220200000000000000000000200000000000

0000000000333333313133333331310020000000000020000020000000000000020000

2000000000333333133313333312301000000000000000200020000000000000000000

0000000000000001012101000001010100000002000000000000000000000000000000

0000000000000000000000100010002010000002000000000000020000000000000000

0000000000000020000001010000000002000000002002000000000000000000000020

3333333333333000200010201000002000000000020000200000000020000000000000

3333333333323000000100000120000000000000000020000000000000000000000000

4444444444433000001010000010000000200000000000000000000000020000000000

4244444444433000210001000101000000000000000000000000000000000000000000

5555555554433020101010101000100000000000000000000000000000000000000000

5555555554433000000000000101010000000000000002000022000000002000000000

6666666554233000000000001000001000000020020000000000000000000000000000

6666666554433000000020010100010100000000000000000000000000000000000000

6666666554433000000000100010100010000000000000020000000000000000000000

6666666554433000000000210100010101200000000000000000000000000000000000

6266666554433000200000000000100020100000000000000000003333233333333333

6666666554433000000000000001010000012000000000000000003333333333333333

6666666554433000000000000010001000101000000020000000003324444444444444

5555555554433000002000000101010101000200000000000000003344444444444424

5555555554433000000000001000000000102000000000000000003344555555555554

4444444444433000000000010100000001000000000000000000003344555555555554

4444444444443333333333130010000010100000000000000000003344526666666554

3333344442444333333331310101000200010000200000000020003344556666666524

3333334444444444444414330000100000101000000000020000003342556666666554

0000032444444444444142330001020001000000000000000000003344556666666254

0000033445555555551544330000000010000000000000000000203344556666666554

0000232445555555515142330002000101000000000000000000203344556666666554

0020033445566666165544330000001000100000000002000000003344556666666554

0000033445566661612544330000010101010000000000000000003344555555255554

0000033445566616661544330000100000002000000000000000023344525555555554

0000033445566161615144330001000020000000000000000000003344444444444444

0000032445561666665514330000100220000000000000000000003344442442444444

0000033445516166665141330001020022000000000000000000003333333333333332

2000032445166616661544130000000000000200000000000000003323333333333333

0000033441515151515141310000000200000000020000000000000000000000000000

0000033415555555555544331000000000000000000000000002000002000000000000

0000033141444444444444310100000000000000000000000000200000000000000000

0000031424144442444444130010000000000000000020000000000000000000000000

0000013333313333333331210101000000000000000000000000000000000000000000

0000131323131333333323330000100000020000000000000000000000020020000000
