00200000000000002000000000000000000000000000000000000000200000001000000000000000000000000000000000000000000000000000000020000000
00002000000002000022000002000000000000000000000000000000000000200000000000000000000000000000200000000002000000000000000000000000
00000000000000000000000000000000000000200000000000000000000000000000000000000000000200000000002000000200000000000000000202000000
00000000000000000020002000200020000000000000000000000002000000000000000000000000000000000000002000000000000000000000000000000000
00000000020020000000000002000000200200000000000202000000000000002000000000000000200000000000000000000000000200000000000000000000
00000200000000000000000000000000000000000000020202000000002000000020000020000000000002022000000002000000020000000000000000000000
00000000000000000000000002000000000000002020000000000000000000020000000020000000000200000000002002000000000000000000000000000000
00000000000000200000002000000000000220000000020000000000000000000000000000000000002000000000000000000200000020000000000000000000
00000000000000000000000000000002000200000000000000000000000000200000000000220000000000000200000000000020020000020000000000000000
00000000000000000000000002000200000000000002000000000000000000000200000200000000200000000000000000000000000000000000000000200000
00000002000020000000000020000000000002000000000000000002000000002000000020000000000000000000000000000000000000000000000000000000
00000000000000000000200000002000000000000000000002002000000200000000200000000000000000000000000000000000000002000000000000000000
00000000020000000200000000000000000000000000000000000000000000000000000000000000000000020000000000000000000002000000000000000000
00000000200000000200020000000020000000020000000000000000000000000000000000200200000000000000000000000000020020000000000000000000
20000000200000002000000000000000000000000000000000000000020000000000000000000000000000220000000002000000000000000000200002000000
00020000000000000000020000000000000000000000002000000200000000000000000000000000000000020000000000002000000000000000000000000000
00000000000000000000000002020000000000000000000000000000000000000002000000000000000000000200000000000000200000000000000000000000
02000000000000000000000000000000000000000000000000000000020000000000000200000000000000000000000000000000000000000000000000000000
00000000002000000000000000000000000000000000000000000000000000000000000002000000000000000000000000000200000200000000000000002000
00200000000000000000200000000000000000000000000000000000020000000000000002000000000000000002000000000000000000200000000002000000
00200000220000000020000000020000000000000002000000000000000000000000000000000000000000000000002000020000000000000000000000020000
20200000000000000000000000000000000020000000000000000000200000000000000020000000000000000000000000000000000000000020000000002000
00000000000000000000000000000000000000000000002000000000000000000000000000002000000000000000000020000000000000000000000000000000
00000000000000000000000002000200000000000000000000000000000000000000000000000000033333333333333233230000000000000000020000000000
00000000000000000000000000000000002000000000000200000000000000000000000000000000033333333333333233330020000000000000000000002000
00000000000000002000002000000000000000000000000000000002000000000000002000200000033444442444444444330000000000000000000000000000
00000000002000000000000000000000000000000000000000000000000002000000000000000000033444444444444444330000000000000000000000000000
00000000000000000000000000000000202000002000000000000000000000000000000000000000023425555555555544332000000000000000000000000000
00002000000000002000000000000200000000000000000000000000200000000000000000000000033445555555255544320000000000000000000000000000
00000020000000000000000000000000002000000000000000000002000000000200000200000000033445566666625244230000000000000000000000002000
00000020000000000000000000000000000000000000000002000000020000000000000000000200233445566666265544330000000000000000000000000000
00000000000200000000000000000000000000000000000000000000000000000000000000002000033425566662665544330000000020000000000000020200
00000000000000000020000000000200000000000000000000000000000000002000000000000000033445566666665544330000000000000000000000000000
00000000000000000000000200000000000000000000000000000000000000000000000000000200033445566666625544330000000020000000000000000000
00200000000000000000000000000000000000000200000000202000000000000000000000000000033445566666665544330000022000000002000000000000
00000000000000000000020000000000000000000000200000000000000000000000000000000000033445566666665544330000000000000000000000002000
00000000000000200000000000002000000000000020000000000000000000000000020000000000033445555555555544330200000200000000002000200020
00000000000000000000000000200202000000002000000000000000000000000000000000002000033445555555555544330000020000000000000000000000
00200000000000200000002000000000000000000000200000000000000000000000000000000200033244444442444444330200000000020000000000000000
20200000000000000000000000000000000000000000000000000200000000000000000000000000033444444444244444330000000000000002000000000000
00000020000000000000000000020002000000002000002002000000000000000000000020200000033233333333332333330000000000000002200002000000
00000000000000000000000000000000000000000000000000000000002000000000002000000000033333323333233333330000000000020020000000002000
00000000000000000000000000000020000000000000000000002000000000000000020200000000200000000000200000000000000000000200002000000000
00000000000200000000200000000000000000000002000000002020000000000000000000002000000000020020000000000020000002000000020000000000
00000000000000000000000000000000000000000000000002000000000000000000000000200000000000000000000000020000202002000000000200000000
00000000000202000000000000000000000000000000000000000000000000000000000000000000000000000000200002000000000020000000000000000000
00000000000000000000000000000000000000000000000000000000000000000020002000000000000000000000000000020000000000000000000000000000
00000000000000000000000020000000000000000020000000000002000000220000000000000000000000000000000200000020000000020000000000000000
00000000000000000000000000000000000000000000200002000000002000000000000000000000000000000000000000000000000000000000000000000000
00000000200000000000000000000002000000000000000000000000200000000000000020000000000000000200000000000033333333333333333330000000
00000000200000000000000000020000000000000333333333333333333300000000022000002000000000000200002000000033333233333333233330000000
00020000000000000000000000000000000000200333323333323233333300000000000200000000200000000200000000000033424242444444444330000000
00000002002200000002000200000000000000000334444444444444443300000002000000000000000002020000000200000033444444244444444330000000
00000000000200000000020000000000002000000334444444444444443300020000000000000000000200000000000000000033445555552555544330000000
20000000000000000020000000000000000000000334455555555555443320000000000000000000000000000000000000000033425555555555544330000000
00000000000000000002020000000000000000000334455555555555443300000000000000000000000000000000000000000033445566666665544230000000
00000000000000000000000000000000000000000334455666666655443300000000002020002020000000002200000000000033445566666665542330000000
00000000000000000000000000000000002000000334455662666652443200000000000000200000000000000000000000000033445566666665544332000000
00000000000000000000000000000000000000000334455666662625443300000000000000000002000002000000000000000033445566666665544330020002
00000000000000000000000000000000000000000334455666666655443200000000000000000000000000000002002000000033445566662665544330000000
00000000000000000000000000000000000000000334455666666655443300202000000000000000000000000000000000000033445566666665544330002000
00000000200000000000000000000000000000002334455666666655443300000000000000020000000000000000000000000033445566666665544330000002
00020000000000000000002020000000000000000334425666666655443300000000000000000000000002000000000020200033445555555555544330002220
00000000000000000020000000000000000000000334455555555555443300000000000000000000000000000020020000000233445555555555244330000000
00000000000000000000000000000020000002000334452555555552443320000000000000000000000000000000000002000033444444444444444330000002
00000002000000000000000000020000000000000334444444444444443300000000000000000000000000000000000000000023444444444444444330002002
00000000000000000000000000000000200000000332244444444444443300000000200020000000000000000000000000000033333333333333333330000000
00000000020000200000000000000000000000000333333333333333333300020000000000000000000000000000000000000033333333333333333330000000
00000000000000000000000000000000000000000333333333333333333333333333333333333330000000000000000000000002000000200000000000200000
00000000000000000000000000000000000000000000000002000000000233333323333333333330200000000002200000022000000200000000000000000000
20000000000000002000000000000000000000000000200000000000000033444444444444444330000000000000000000200000000000000002000200000000
00000000000000000000000000000000000000000000002000000200200033444444444444444330000000000000000000000000002000000000000000000000
00000000000000000000000000000000000000000020000000000000000033445552555555544330000000000000000000000000000000000000000000020000
00000000002000000000000000000000000000000020000002000020000033445555555555544330000000000002000000000000000000000000000000000000
02000000000000000000000000000000000000000000000000000000000033445566666665544230000000000000000000000000000000000000000000000000
00000000000000000000000000000000000000000000000000000000000233445566666665544330000000000000000000000000000200000000000000000000
00000200000000000000000000000020000002000000000000000000000233445566666665544330000000000000000000000000000000000000000000000022
00020000000000000000000000000000000000000200000000000000000033445566266665544330000200000000200000000000000000000000000000002000
00000000000002000002033323322333333333330000000000200002000033445566666665544330002000000000000000000000000000000000000000000000
00000000000000000002033333333333332333330000000000000000000033445566666665244330000000000000000000000000000000000000000000000000
00000000200000000000033444244444444242330002000000000000000033445526666665544330000000000000000000000000020000000000000000000000
00000000000000000000033244444444444444330000020000000000000033445525555555244320022000200000002002000000000000000000000000000000
00000000000000000000033445555555555544330000000000000000000233445555555555544320000000000000000000000000002000000000000000000000
00000000000000000000033445555555555544330000020000000002000033442444442444444330000000000000000000000000000200000000000202000000
00000020000000200000033445566626665544320000000000002200000033444444444424444330000200000000000000220000000000000000000000000000
20002000000000000000033445566266665544330020000000000200200033333333333333223230000000002000000000020020000000000020000000000000
00000000000000000002233445566266665544330000200000000000000033333333333333333320000002000000000000002000000000000000000000000000
00000000000000000000033445526666665544330000000000000002002000000000000000000000000000000000200000000000000000000020000000000000
00000000000000000002033445566666665544330000000000000000000000000000000000000000000020000020002000000000000000000200000002000000
00000000000000000000033445566666665524330000000000000000000002000002000000000000000000000000020020000002000000000200000000000000
00200000000000000000033445566666265544330000000000000000000000000000000000000000200000000000000000000000000000000000000000000000
00000000000000000000032245555555555542332000000000000000000002200000000000000000000000200000000020000000000000000002000000002000
00000000000002000000033445555525555544330000002000000000000000000002000000002000000000000020000000000000002000000000000200000000
00000000000000000000033442444444444444320000000000000000000020000000000000000000002000000000000000002000000000000000000000020000
00000000000000000000033444444444444444330020000000000000000020000000000000000000200000020000000200000000000000000000000000000000
00000000000000000000033333333233333333330022020000000200000000000000000000000000000000000000000000000000200000000000000000000000
00000000000000000000033233333333333333330000000000220000000000000020000200000000000000002000002002000000000000000000002000000000
00000002000000000000000000000000000000000000000000202000000000000000002000220000020000000000000000020000000000000200000000000000
00000000200000000000000000000000000000000000000000000200000000000000000000000000000000000000000000000020000002000000000000000000
00000200000000000000000000202000000000000000200000000000000002000002000000000000200002000020000000000000000200000000000000000000
00000000000000000000200000000000200000000000000000000000002000000000200200000000000000000002000000000000000000000000000000000000
00000000000000000000000000000000000200000000000020000000200000000000000000000200000000000000020000000000020000000000000000000020
00000000000000002000000000000000000000000002000000000000000200000000000200000000000000000000000000000000000000000000000000000020
20000000000000000200000000000000000000002000000200000000000000000020000000000000000000002000000000000000000000000000000000000000
00000000000000020000000000000022020000000000000000000000000000000000000002020000200002000000000000000000000000000000000000000000
00000000000000000000000000000022000000000000000000000000000000000000000000000000000000000000000000000000000000000000000000000000
00000020000002000000000000000000000000000200000000000000000000000000000000000000000000000000000000000000000000000000000200000000
00000000000000000000000000000000000000000000000000000000000000002000000000000000000000000000000000020200000000000000000000000000
00000000000000020000002000000200000002000000000000000000020000000000200000002000000000020000000000000000000000020000000000000000
00000000000000000000000000000000000000000000000000000000000000000000000000002000000000000020000000000000000000000020000000000000
00020000000000000020000000000000000000000000000000000000000220000200000000000000000000000000000000000000002000000000000000000000
00000000000000000000000000000000000000000200000000000000000000000000000000000000020000020000000000000000000000000000000020020000
00000000000000020002000000000000000000000000000000000020000000000000020000000000200000000200000002002000000200000000000000000002
00000000000000000000000000000000000000000000000000000020000000000022000000000000000200000000000020000000000000000000200000000200
00200020000000000002000000000000000000000000020000000000000000000000000000000000000000000000000000000000000000000000000000000002
02000000002000002000000000020020000002020000000000000000000002000000000000000000000000000000000000000000000000000000000000200000
00000020000000000020000000000000020000000000002202000000000000000000000000200000000000000002000200002000002000002020000000000000
00000000000002000000000000000000020000000000000000000000000000000000000200000000000000000000000000000000000000000000000000000000
00000000000000020000220000000200000002200000000000000000000000000200200000000000000000000002000000000000000000000000000000000000
00000000000002000002000200000000000000000000000000000000002000200000000000002000000000000000000000000000200000000020000000000000
00000000000000000000000000000020000000000000000000000000000000020000000000202000000000000000000000000000000000000000000000000000
00000000000000000000000000000200000000000000000000000000000000000000000000002000000000000000000000000000000000000000000000000000
22000000000200000020000000000000002000000000000000000000000000002000000000000000000002000000000000000000000000000000000000000000
00000000000000000000000000000000000000000002000000000000000000000000000000000000000000200002000020000000000000000000000000000000
00000000000000000000000000000000000000000000000000000000000000000000000002000000000000000000000000000000000000000000000000020000
00000000000000000002000000000000000000000000000000000200000000000000000000000000000000000000020000000020002000000000000000000022
00000000000000000000000000000000000000000000000000000020000000000000000000000000000000020000000000000000000000002000000000200200
00000000000000000000000000000000002000000000000000000220000000000000000000000000000000000000000200002000000000000002000000000020

00002000000002000022000002000000000000000000000000000000000000210100000000000000000000000000200000000002000000000000000000000000

00000000000000000000000000000000000000200000000000000000000000100010000000000000000200000000002000000200000000000000000202000000

00000000000000000020002000200020000000000000000000000002000001010101000000000000000000000000002000000000000000000000000000000000

00000000020020000000000002000000200200000000000202000000000010002000100000000000200000000000000000000000000200000000000000000000

00000200000000000000000000000000000000000000020202000000002101000021010020000000000002022000000002000000020000000000000000000000

00000000000000000000000002000000000000002020000000000000001000120010001020000000000200000000002002000000000000000000000000000000

00000000000000200000002000000000000220000000020000000000000001000101010000000000002000000000000000000200000020000000000000000000

00000000000000000000000000000002000200000000000000000000000010201000001000220000000000000200000000000020020000020000000000000000

00000000000000000000000002000200000000000002000000000000000000000200010200000000200000000000000000000000000000000000000000200000

00000002000020000000000020000000000002000000000000000002000000002000100020000000000000000000000000000000000000000000000000000000

00000000000000000000200000002000000000000000000002002000000200000000210000000000000000000000000000000000000002000000000000000000

00000000020000000200000000000000000000000000000000000000000000000000001000000000000000020000000000000000000002000000000000000000

00000000200000000200020000000020000000020000000000000000000000000000010100200200000000000000000000000000020020000000000000000000

20000000200000002000000000000000000000000000000000000000020000000000100010000000000000220000000002000000000000000000200002000000

00020000000000000000020000000000000000000000002000000200000000000001010101000000000000020000000000002000000000000000000000000000

00000000000000000000000002020000000000000000000000000000000000000002000000100000000000000200000000000000200000000000000000000000

02000000000000000000000000000000000000000000000000000000020000000000000201010000000000000000000000000000000000000000000000000000

00000000002000000000000000000000000000000000000000000000000000000000000002001000000000000000000000000200000200000000000000002000

00200000000000000000200000000000000000000000000000000000020000000000000002010000000000000002000000000000000000200000000002000000

00200000220000000020000000020000000000000002000000000000000000000000000000001000000000000000002000020000000000000000000000020000

20200000000000000000000000000000000020000000000000000000200000000000000020010000000000000000000000000000000000000020000000002000

00000000000000000000000000000000000000000000002000000000000000000000000000102000000000000000000020000000000000000000000000000000

00000000000000000000000002000200000000000000000000000000000000000000000001000000033333333333333233230000000000000000020000000000

00000000000000000000000000000000002000000000000200000000000000000000000010100000033333333333333233330020000000000000000000002000

00000000000000002000002000000000000000000000000000000002000000000000002100210000033444442444444444330000000000000000000000000000

00000000002000000000000000000000000000000000000000000000000002000000001010101000033444444444444444330000000000000000000000000000

00000000000000000000000000000000202000002000000000000000000000000000010000000100023425555555555544332000000000000000000000000000

00002000000000002000000000000200000000000000000000000000200000000000101000001010033445555555255544320000000000000000000000000000

00000020000000000000000000000000002000000000000000000002000000000201000200010001033445566666625244230000000000000000000000002000

00000020000000000000000000000000000000000000000002000000020000000000100000001210233445566666265544330000000000000000000000000000

00000000000200000000000000000000000000000000000000000000000000000001010000012000033425566662665544330000000020000000000000020200

00000000000000000020000000000200000000000000000000000000000000002010001000101000033445566666665544330000000000000000000000000000

00000000000000000000000200000000000000000000000000000000000000000001010101000200033445566666625544330000000020000000000000000000

00200000000000000000000000000000000000000200000000202000000000000010000000100000033445566666665544330000022000000002000000000000

00000000000000000000020000000000000000000000200000000000000000000101000001000000033445566666665544330000000000000000000000002000

00000000000000200000000000002000000000000020000000000000000000001000120010100000033445555555555544330200000200000000002000200020

00000000000000000000000000200202000000002000000000000000000000010101010100012000033445555555555544330000020000000000000000000000

00200000000000200000002000000000000000000000200000000000000000100000000010101200033244444442444444330200000000020000000000000000

20200000000000000000000000000000000000000000000000000200000001010000000100000100033444444444244444330000000000000002000000000000

00000020000000000000000000020002000000002000002002000000000010001000001020201010033233333333332333330000000000000002200002000000

00000000000000000000000000000000000000000000000000000000002101010100002000000001033333323333233333330000000000020020000000002000

00000000000000000000000000000020000000000000000000002000001000000010020200000010200000000000200000000000000000000200002000000000

00000000000200000000200000000000000000000002000000002020010100000101000000002000000000020020000000000020000002000000020000000000

00000000000000000000000000000000000000000000000002000000100010001000100000200000000000000000000000020000202002000000000200000000

00000000000202000000000000000000000000000000000000000001010100010101010000000000000000000000200002000000000020000000000000000000

00000000000000000000000000000000000000000000000000000010000010100020002000000000000000000000000000020000000000000000000000000000

00000000000000000000000020000000000000000020000000000102000100220000000000000000000000000000000200000020000000020000000000000000

00000000000000000000000000000000000000000000200002001000002000000000000000000000000000000000000000000000000000000000000000000000

00000000200000000000000000000002000000000000000000010100200000000000000020000000000000000200000000000033333333333333333330000000

00000000200000000000000000020000000000000333333333133313333300000000022000002000000000000200002000000033333233333333233330000000

00020000000000000000000000000000000000200333323331323231333300000000000200000000200000000200000000000033424242444444444330000000

00000002002200000002000200000000000000000334444414444444143300000002000000000000000002020000000200000033444444244444444330000000

00000000000200000000020000000000002000000334444141444441413300020000000000000000000200000000000000000033445555552555544330000000

20000000000000000020000000000000000000000334451555155515441320000000000000000000000000000000000000000033425555555555544330000000

00000000000000000002020000000000000000000334415151515151413300000000000000000000000000000000000000000033445566666665544230000000

00000000000000000000000000000000000000000334155666666655441300000000002020002020000000002200000000000033445566666665542330000000

00000000000000000000000000000000002000000331415662666652413200000000000000200000000000000000000000000033445566666665544332000000

00000000000000000000000000000000000000000314451666662625443300000000000000000002000002000000000000000033445566666665544330020002

00000000000000000000000000000000000000000131415166666655443200000000000000000000000000000002002000000033445566662665544330000000

00000000000000000000000000000000000000001334455616666655443300202000000000000000000000000000000000000033445566666665544330002000

00000000200000000000000000000000000000012134455161666655443300000000000000020000000000000000000000000033445566666665544330000002

00020000000000000000002020000000000000100314421666166655443300000000000000000000000002000000000020200033445555555555544330002220

00000000000000000020000000000000000001010131415151515555443300000000000000000000000000000020020000000233445555555555244330000000

00000000000000000000000000000020000002000334452555551552443320000000000000000000000000000000000002000033444444444444444330000002

00000002000000000000000000020000000000000334444444414144443300000000000000000000000000000000000000000023444444444444444330002002

00000000000000000000000000000000200000000332244444144414443300000000200020000000000000000000000000000033333333333333333330000000

00000000020000200000000000000000000000000333333331313131333300020000000000000000000000000000000000000033333333333333333330000000

00000000000000000000000000000000000000000333333313333333133333333333333333333330000000000000000000000002000000200000000000200000

00000000000000000000000000000000000000000000000102000001010233333323333333333330200000000002200000022000000200000000000000000000

20000000000000002000000000000000000000000000201000000010000033444444444444444330000000000000000000200000000000000002000200000000

00000000000000000000000000000000000000000000002100000201200033444444444444444330000000000000000000000000002000000000000000000000

00000000000000000000000000000000000000000020001010000000100033445552555555544330000000000000000000000000000000000000000000020000

00000000002000000000000000000000000000000020010002000021010033445555555555544330000000000002000000000000000000000000000000000000

02000000000000000000000000000000000000000000101000000010001033445566666665544230000000000000000000000000000000000000000000000000

00000000000000000000000000000000000000000001000100000101000233445566666665544330000000000000000000000000000200000000000000000000

00000200000000000000000000000020000002000010101010001000100233445566666665544330000000000000000000000000000000000000000000000022

00020000000000000000000000000000000000000200000001010001000033445566266665544330000200000000200000000000000000000000000000002000

00000000000002000002033323322333333333330000000010200012100033445566666665544330002000000000000000000000000000000000000000000000

00000000000000000002033333333333332333330000000100000000010033445566666665244330000000000000000000000000000000000000000000000000

00000000200000000000033444244444444242330002001000000000101033445526666665544330000000000000000000000000020000000000000000000000

00000000000000000000033244444444444444330000020000000001000133445525555555244320022000200000002002000000000000000000000000000000

00000000000000000000033445555555555544330000000000000010101213445555555555544320000000000000000000000000002000000000000000000000

00000000000000000000033445555555555544330000020000000102000031442444442444444330000000000000000000000000000200000000000202000000

00000020000000200000033445566626665544320000000000002200000013144444444424444330000200000000000000220000000000000000000000000000

20002000000000000000033445566266665544330020000000000200200133313333333333223230000000002000000000020020000000000020000000000000

00000000000000000002233445566266665544330000200000000000001013131333333333333320000002000000000000002000000000000000000000000000

00000000000000000000033445526666665544330000000000000002012000000100000000000000000000000000200000000000000000000020000000000000

00000000000000000002033445566666665544330000000000000000001000000010000000000000000020000020002000000000000000000200000002000000

00000000000000000000033445566666665524330000000000000000010102000102000000000000000000000000020020000002000000000200000000000000

00200000000000000000033445566666265544330000000000000000100000001000000000000000200000000000000000000000000000000000000000000000

00000000000000000000032245555555555542332000000000000001010002200100000000000000000000200000000020000000000000000002000000002000

00000000000002000000033445555525555544330000002000000010001000001012000000002000000000000020000000000000002000000000000200000000

00000000000000000000033442444444444444320000000000000001010120000001000000000000002000000000000000002000000000000000000000020000

00000000000000000000033444444444444444330020000000000010000020000010100000000000200000020000000200000000000000000000000000000000

00000000000000000000033333333233333333330022020000000201000000000100010000000000000000000000000000000000200000000000000000000000

00000000000000000000033233333333333333330000000000220000100000001020101200000000000000002000002002000000000000000000002000000000

00000002000000000000000000000000000000000000000000202001010000000000002100220000020000000000000000020000000000000200000000000000

00000000200000000000000000000000000000000000000000000210001000000000001010000000000000000000000000000020000002000000000000000000

00000200000000000000000000202000000000000000200000000101010102000002010001000000200002000020000000000000000200000000000000000000

00000000000000000000200000000000200000000000000000001000002000000000201210100000000000000002000000000000000000000000000000000000

00000000000000000000000000000000000200000000000020010100200000000000000000000200000000000000020000000000020000000000000000000020

00000000000000002000000000000000000000000002000000100010000200000000000200000000000000000000000000000000000000000000000000000020

20000000000000000200000000000000000000002000000201010101000000000020000000000000000000002000000000000000000000000000000000000000

00000000000000020000000000000022020000000000000000000000100000000000000002020000200002000000000000000000000000000000000000000000

00000000000000000000000000000022000000000000000000000001010000000000000000000000000000000000000000000000000000000000000000000000

00000020000002000000000000000000000000000200000000000010001000000000000000000000000000000000000000000000000000000000000200000000

00000000000000000000000000000000000000000000000000000101010000002000000000000000000000000000000000020200000000000000000000000000

00000000000000020000002000000200000002000000000000001000021000000000200000002000000000020000000000000000000000020000000000000000

00000000000000000000000000000000000000000000000000010100010100000000000000002000000000000020000000000000000000000020000000000000

00020000000000000020000000000000000000000000000000100000100220000200000000000000000000000000000000000000002000000000000000000000

00000000000000000000000000000000000000000200000001010000000000000000000000000000020000020000000000000000000000000000000020020000

00000000000000020002000000000000000000000000000010001020000000000000020000000000200000000200000002002000000200000000000000000002

00000000000000000000000000000000000000000000000101010020000000000022000000000000000200000000000020000000000000000000200000000200

00200020000000000002000000000000000000000000021000001000000000000000000000000000000000000000000000000000000000000000000000000002

02000000002000002000000000020020000002020000000100010100000002000000000000000000000000000000000000000000000000000000000000200000

00000020000000000020000000000000020000000000002212100010000000000000000000200000000000000002000200002000002000002020000000000000

00000000000002000000000000000000020000000000000000010101000000000000000200000000000000000000000000000000000000000000000000000000

00000000000000020000220000000200000002200000000000100000000000000200200000000000000000000002000000000000000000000000000000000000

00000000000002000002000200000000000000000000000001010000002000200000000000002000000000000000000000000000200000000020000000000000

00000000000000000000000000000020000000000000000010001000000000020000000000202000000000000000000000000000000000000000000000000000

00000000000000000000000000000200000000000000000100010100000000000000000000002000000000000000000000000000000000000000000000000000

22000000000200000020000000000000002000000000001010100010000000002000000000000000000002000000000000000000000000000000000000000000

00000000000000000000000000000000000000000002010000010101000000000000000000000000000000200002000020000000000000000000000000000000

00000000000000000000000000000000000000000000001000100000100000000000000002000000000000000000000000000000000000000000000000020000

00000000000000000002000000000000000000000000010101010201010000000000000000000000000000000000020000000020002000000000000000000022

00000000000000000000000000000000000000000000100000000020001000000000000000000000000000020000000000000000000000002000000000200200

00000000000000000000000000000000002000000000010000000220010100000000000000000000000000000000000200002000000000000002000000000020
