00000000000000000000000000000000000000000000000000020000000000001000000000000000000200000000000000000220000000000002000002000200
00000000000000000000000000000200000020000000020000000000000000000000000000000000202000000000000000000000202000000000000000000000
00000000000200000000000200000200000000000000000000000020000000000000000000000000000000000000000000000000000000000000000000000000
00000000000000000020000000000000000000200000000020000000000000000000000000000000000000000000000000000002000200002000000000000000
00002000000000200000200000000000000000000000200000000020000000000000000000000020000200000000000000000000000000000000000002000000
00000000000002000002000000000000000000000000000000002000000000000000000000002000000000000000000020000000000000000000200000200000
00000000000000000000000000000020000000000000000000000000000000200202000000000020000202000002000000000000000000200002000000020000
00000000200000000000000000000000000000000000000000000000000000000000000000000000000000020000000000000000000000000000000000200000
00020000000000000000000000000202000002000020000000000000000000000000000000000000000000000000000000000000002000000000000000000000
00020000000000000002000000000000000000000000000000000000020000000000000000000000000000000000000000000000000200000000000000000020
00000002002000000020000020000000000000000000000000000000000000000000000020000000000000000020000000000000000000000000200002000000
00000000000000000020000020000020000000000000000020000200000002000000000000000000002000000000020000000000000000000000000000000000
00000000000000000000000000000000020000000000000000020000000020000002000000000000020000000000000000000000000000000000000000002020
00000000020000000200000000000000000000000000000000000000000000000000000000000000000000000000000000000000200000000000002000000000
00000000000000000000000000000000000000200000020000000000000000000020020000000000000000000000000000000000000002000000000000000000
00000000000000000000000000000000000000000020000000000000000002000000000000200000000200000000000000000220000000000000000002000000
00000000000000000000000000000000000002000000000000000000020000000000000000000000000000000000000000200000000000000200020000000000
20000200000000000200000000000000000000002000002000000000000000000000000000000000000000020000000000000000000000020000002000000200
00000000000000000000000000000000020000000000000000000002000000000000000000000000020000000000200000000020000000000200000002000000
00000000000000000000000000000200000000000000000000000000000000000000000000000000000000000002000000000000000000000000000000000000
00002000200000000000000000000000000000002000000000000000000000000000000000000000000000002000200000000000000002000002000000000000
00000000000000000000000000000000200000000000000000000000000000000200000200000000000000000000020000000000020000000000000000000000
00000000000020000000000002000000000000000000000200000000000000000002000000000000000000000000000000000000000000000000000000000000
00002000002000000000200000000000000000000202000000000200000000000000000200000000000000000020000000000000000000000020000002000200
00000000020000020000000000000000000000000000000000000000000000000000002000000002000000000000000000002000002000000000000000000000
00000002000000020000020000000000000020000002000000000020000000000000000000000000000000000200000000000000000000000000020000000020
00000000020000000000000000000000000000000000000000000020000000000000000020000200000000000000000000000000000000000000000000000000
00000000020020000000202000000020000000000000000000000002000000000000200020000000000000000000002000000000000020000000000000000000
00000000000000200000020000200000000000000000000000000000000200002000000000020000000000000000000002000000000000000000000000000000
00000000002003333333333333333333000000000000000000000020000000000000000000000000000000000000000002000000000000000000000000000000
00000000000003333333333333333333000020000000002000022000000000200000000000000020000200000000000000000000000000000000000000000000
00002000000003244444444444444433000000000000000000000002000000000000000200000000000000000000020202000000000000000000000002220200
00000220020003344444444444444433000000000000000000000000000020000000000000000000000000000000000000000000000000020000002000000020
00002000000003344255555555554433000000000200000000202000000000200000000000000000000000000000000000020000000000000000000000000000
00000000000003344555525555554433000000000200000000000000000000020020000002000000000000000000000000000000000002000000000000000000
00000000000003344556666666554433000000000000020000000000000000000000200000000000000000000000020000000000000000000000000000000000
00000002000003344556666666554433000000020000000000000000000000000000000000000000000000000000000000000000000000000000000000000000
00000000000022344556666666524433000000020000002000200000000000000000000000000020000000000200002000000000000000002000000000000000
00000002000003342556666666254432000000000000000000000000000000000022000000000000000002000000000200000020000000000000000000000000
00000000000003344556626666554433000000000000000000000000000000000000000000200000000000000000000000000000000200000002000000000000
00000000000003344556666666554433000000000000000000000000000000000000000000000000000200000000000000000000000000000002000000000000
00000000000003324526666666554433000002000020000000000000000000000000000000000000000000000000200000000000000000200000020000000000
00000000000023344555552555554433000000000020000000000000002000200000200000000000000000000000020000002020000000000000020000000002
20000000000003344555555255554433000000000000000000000000200000002200000000000000000000000000200000000000000000000002000002000000
00000000000003324244444444444433000000020000000000000000200000020000000200000000000000000000000002000000000000000200000000002000
00000000020002344444444444444433000000020000000000000000200020000000020002000000020000000000000000020000000000000000000200000020
00002000000003333333332332333333000000000000000000020000000000000000200000200000000000000200000000000000000000000000000000002000
00000000000003332333333333332333000000000000200000000000200002000000000000000000000020022000000200000000000000202002000020000000
00000000000000000000000000000000000000002000000000000002000000200000000000000200000000000000000000020000000000020000000000000000
00000200000000000000000000000000000002020200000000020000002000000000000000000000200000002200000000200000000200000000002020000000
00000000000000000000002000020000000000020000000000000000000200000000000000000000000000000000020200000000000020200020000020000000
00020022000202000000200000000000000000000000000000000000000000000000200000000000002000000000000000000000000000000000000000000000
00000000000002200000000200000000000000000000000000000000000000000000000000000000000200000000000000020000000020000000000000000000
00000000002000333333333333333333300000000000000000200000000000000000000000000000000000000000002002000000000000000000200000000000
00000000000000332332333333333333302000000020000000000000000000000000000000000000000000000000000200000200000000002000000000000000
20020000000000334444444444444443300000000000000000200020000000000000000000000000000000022000002000000002000000000033333233333333
00000002000000324444444444444443302022000000000000000000020000000000022000000000000000020000000000000000200002000233333333333332
00000000000000334452555555525443300000002200000000000020000200000002020200000000000000000000000000000000000002000033444444424444
00002002000000234455555555555443300000000000000000000000000000000020000200000000000000002000000000000000000000000233444444444444
00000000000002334455666666655443300000000220000000000000000000000000000220000000000000000000000000000000000000000033445255555555
00000000200000334425666666655443320000000000000000000000000000002200000000000000000020000020000002000000000000000033445555255555
00000000000000334455666666655443300000000000000000000000000000020000000000000000000000000000000200000000000000000033445266662665
00000000200000334455662666655443300002000000000000000000000000000000020000000000000020000000002000000000000000000033445566666665
00000000000000334455666666655443300000200000000000000002000000000000000000000000200000000000200000000200020000000033445566666665
00000000000200334455666622655243300000000000000000000000200000000000000200000002000000000000000000000002002000002033445266266665
00000000000000332455666626655443300000000000000000000000000000000000000000000000000000000000000000000000020000020033445566666665
00000000000000334455555555555443200000000000020000200020000000000000000000002000000000000000000000002000000000000033422566662665
00000000000000334455555555555423300000000000000000000000000000000000000020000033333333333333333330000200000000000033445566666665
00000000000000334444444444444443300020000000000000000000000200000000000000000033333333333333333330000000000000000033445555255555
00000000000020334444244442444442300000000000000000000000000000000000000000000033444444424444444330000000000000000033445555555555
00000000000000333333333323333233322000000000000000000000000000000000000000000033444444444444244330000000000000000033444444444444
00000000000000333333333333333332300000000000000000000000000200200000000000002033445555555555544330000000200000000032444444244442
00000000000000000000002000000000220000000000000020000002000000000000002000000033445555555555544330000000000000000033323333333333
00020200000020000000020000000000000000000000000000000200000000000000020000000033445566666665544230000000000000000032333333333333
00000000002200000000000000000000000000002000000000000000000000000000000000000033445566666665544330000000000000000000000000000000
00000000020000000000200000000000020000000000000000000000000200000000002000020033445566666665544330000000000000000000000000000000
00000000000000002000000200000000000200000000000000000000000000000000000000000033442566666665544330000000000000000000000000000000
00000000000000000000000000020000000000000000000000000000000000000000000000020033422566666265544330000000002000000000000000000000
00000000000000000000000000000000000000020000000000000000000000000000000000200033445566666665544330000000000000000000000000000000
00000000000000000000000000000000000000000000000000000000000000002000000000000033445566666665544330200000020000000000000000000000
00002000000002000002000200000000000000000000000000000000020000000000020000000033445555555555544330000000000000000000002000020000
00000200000000000000000000000000000000000000000000000000000000000200000000000033445555555555544330000000000000000000000020000000
00000000000000000000000000000200000000000000000000000000000000000000000000000033444444444444444330202020000200000000000000000000
00000000000000020000000000000020000000000000000020000000000000022000000000000032444444444444444330002000000000000000000002000000
00002000000000000000020020000000000000000000000000000000000020000000000000000033333333233333333330020000002000020000000200000000
00000000000000000000000020000000000000000000000000000000000000000000000000200033333333332333333330000000000000002000000000200000
00000000020000000000020000200000000000000000000000000000000020000000000002000000000000000000000000000000000000000000020000000000
00020000000000200000000000000000000000200000000000000002000002000000002000000000000000000000000000000000000200000000000000002220
00000000000000000000000000000000000000000000000000000000002000000000000000020000000000000000000000000000000020000000000000000000
00000000000000000200000002000000200000000000200000000000000000000000000000000000002000000002000000000000000000020000000000000000
00000020000000000000000000000000000000000000000000000000000000000000000000000000000000000000000000000000002000000000000000000000
00000000000000000000000000000000020000200000000000000200200000000000000000000000000000000200000000000202000000000000000000000000
00000000000200000000000000000000000000000000000000000000000000020220000000000000000000000022000000000000000000002000000200000000
00000020000000020000000000000000000000200000000200000000000002000000000000000200000000000200000200000000000020000000000000000002
00000000000200000000000000000000000200000000000000000000000000000000000000002000000000000000000000000000000000000000000000000000
00000000000000000000000000000000000000000000000000000000000000000000000000000000000000000000000000002000020000000000200000000200
00000000002000000000000000000000000000000000000000000200000022000000000000000000000020000020000020000000000000000000000000000200
00000000000000000000000000000000000000000000000000000000200000000020000000002000000000000000000000000000000000000000000002200000
20000002000000000000000000000000000000000000000000000000000000000000000000000000000000000000000000020002000000000000000000000000
00000000000200000000000000000200000033333333333333333330000000000000000200000000000000000000000000000000000000000000000000220002
00000000000002000020000020000000000033333333333333333330020000000000000000200000000000000000000000000000200002000000000000020000
00000020000000000000000000000000000033424444444444444230000200000000000000000000000000000000000000000000000002000000000002000000
00000000000200000000000020000000000033444444444444444330000000000200000000000000000000000000000000200000000002002000000202000000
00000000000002000000000000022000200033445555555525524330000000000000000000000200000000000000000000000200000000000000000000000002
02000002000000000000000000000000000033245255555555544330000000000202000002000000000020000002000000000000000000000000000000000000
00002000000000000000000000000000000033445566666665544330000000000000000000000000020000000000000000000002000000000000000000000000
00000000000000000002000000000000000033445526666665544330000000200020000000000000002000000002002000000000000000000000000000000000
00000000000000000000000000200000000033445526666665544330000200000000000000000000000000000000000000002000000000000000000000000000
00000000000000000000000000000000000033445566666665544330000020000000000000000200000000000000000000000000000000000000000000000000
00000002000020002200000000000000000033445266666665544230000000000000002000000200000200000000200000000000000000000020000000000000
00000000000000000000000000000000000033445566666665544330000000000000000000020000020000000000000000202000000000000000000000000000
00000002000000002000000000000200000033425566666665244330000000000000000000000000000000000000000000000000000000000000020000002000
00000000000200000000020000000002000033425525555555544330000000000000200000200000000000000000020000020000000000000000000000002200
00020000000000000000020000020002000033445555555555544330000000000000000000000000000000000000000000000000002000000000000200000000
00000002000000000000220000000000000032444444444444444330000000002000000002000000000000000000020002020000000000200000000000002000
00000000000200020002000000000000000033444444444444444330000000000000000000200000000200000000000000000000000000000000000002000000
00000000000000000000000000000000000033333333333332333330020000020000000000000000000000000000000000000000200000200000000020000200
00000000000000000000000000000000020033333323333333333330000000000020000000000000000200000000000000020000000000000000000000000000
00000000000000000000000000000000000220000000000002000000000000000000000000000000000000000000000000020000000000000200000000000000
20000000000000200000200000200000000002000000000000000000000000000000000000000000000000000200000000000000000002000000000000000000
00000000000000000000000002000000000000020020000020000000000000000000000000000000000000000000000000000000002000000002000000000000
00000000000000002000000000002000000000000020000000000000000000000000000200000000000020000000000000000000000000000000000000200020
00000000020000000000000200200000000000000000000000000000000000002000000000000000000000000000200200000000000000000200000200002020
00000000200202002000000000022000000000000000000000000002000000000000000000200000000000000000000000000000000000000000000000020200
00000000000002000000000020000000000000000000020020000000000000000000000000000000020000200000000000000220000000000000000000000000
00000000000000000000000200000200000000000000000000000000000000000000000000000000002020020020000000000000000000000000000000000000
00000000000000000000000000000000002000000000000000000000002000000000002000000000000000000000000000000002200002000000200000000000
00000000002000000000000000000000000000000000000020002000000200000000000200000000000000000000000000000000000000000002000000000000

00000000000000000000000000000200000020000000020000000000000000010100000000000000202000000000000000000000202000000000000000000000

00000000000200000000000200000200000000000000000000000020000000100010000000000000000000000000000000000000000000000000000000000000

00000000000000000020000000000000000000200000000020000000000000010101000000000000000000000000000000000002000200002000000000000000

00002000000000200000200000000000000000000000200000000020000000100000100000000020000200000000000000000000000000000000000002000000

00000000000002000002000000000000000000000000000000002000000000010000010000002000000000000000000020000000000000000000200000200000

00000000000000000000000000000020000000000000000000000000000000201202101000000020000202000002000000000000000000200002000000020000

00000000200000000000000000000000000000000000000000000000000000000100000100000000000000020000000000000000000000000000000000200000

00020000000000000000000000000202000002000020000000000000000000001010001010000000000000000000000000000000002000000000000000000000

00020000000000000002000000000000000000000000000000000000020000010001010001000000000000000000000000000000000200000000000000000020

00000002002000000020000020000000000000000000000000000000000000101010001020100000000000000020000000000000000000000000200002000000

00000000000000000020000020000020000000000000000020000200000002000001010000010000002000000000020000000000000000000000000000000000

00000000000000000000000000000000020000000000000000020000000020000012001000101000020000000000000000000000000000000000000000002020

00000000020000000200000000000000000000000000000000000000000000000100010101000100000000000000000000000000200000000000002000000000

00000000000000000000000000000000000000200000020000000000000000000020120000101010000000000000000000000000000002000000000000000000

00000000000000000000000000000000000000000020000000000000000002000000010001200001000200000000000000000220000000000000000002000000

00000000000000000000000000000000000002000000000000000000020000000000101010100010100000000000000000200000000000000200020000000000

20000200000000000200000000000000000000002000002000000000000000000000000000010100010000020000000000000000000000020000002000000200

00000000000000000000000000000000020000000000000000000002000000000000000000100010021000000000200000000020000000000200000002000000

00000000000000000000000000000200000000000000000000000000000000000000000001010101010100000002000000000000000000000000000000000000

00002000200000000000000000000000000000002000000000000000000000000000000010000000000010002000200000000000000002000002000000000000

00000000000000000000000000000000200000000000000000000000000000000200000201000000000101000000020000000000020000000000000000000000

00000000000020000000000002000000000000000000000200000000000000000002000000100000001000100000000000000000000000000000000000000000

00002000002000000000200000000000000000000202000000000200000000000000000201010000010100010020000000000000000000000020000002000200

00000000020000020000000000000000000000000000000000000000000000000000002000001002100000101000000000002000002000000000000000000000

00000002000000020000020000000000000020000002000000000020000000000000000000000101010001000200000000000000000000000000020000000020

00000000020000000000000000000000000000000000000000000020000000000000000020001200001010100000000000000000000000000000000000000000

00000000020020000000202000000020000000000000000000000002000000000000200020010100010000000000002000000000000020000000000000000000

00000000000000200000020000200000000000000000000000000000000200002000000000120010001000000000000002000000000000000000000000000000

00000000002003333333333333333333000000000000000000000020000000000000000001010101010100000000000002000000000000000000000000000000

00000000000003333333333333333333000020000000002000022000000000200000000010000020000210000000000000000000000000000000000000000000

00002000000003244444444444444433000000000000000000000002000000000000000201000000000101000000020202000000000000000000000002220200

00000220020003344444444444444433000000000000000000000000000020000000000000100000001000100000000000000000000000020000002000000020

00002000000003344255555555554433000000000200000000202000000000200000000000010000010101010000000000020000000000000000000000000000

00000000000003344555525555554433000000000200000000000000000000020020000002101000100000001000000000000000000002000000000000000000

00000000000003344556666666554433000000000000020000000000000000000000200001000101010000010100020000000000000000000000000000000000

00000002000003344556666666554433000000020000000000000000000000000000000010101000001000100010000000000000000000000000000000000000

00000000000022344556666666524433000000020000002000200000000000000000000100000120010101010201002000000000000000002000000000000000

00000002000003342556666666254432000000000000000000000000000000000022001000001010100002000000100200000020000000000000000000000000

00000000000003344556626666554433000000000000000000000000000000000000010100210000010000000001010000000000000200000002000000000000

00000000000003344556666666554433000000000000000000000000000000000000100010100000001200000000000000000000000000000002000000000000

00000000000003324526666666554433000002000020000000000000000000000001010100010000010100000000200000000000000000200000020000000000

00000000000023344555552555554433000000000020000000000000002000200010200010001000100010000000020000002020000000000000020000000002

20000000000003344555555255554433000000000000000000000000200000002200000100010000000101000000200000000000000000000002000002000000

00000000000003324244444444444433000000020000000000000000200000020000001210101000001000100000000002000000000000000200000000002000

00000000020002344444444444444433000000020000000000000000200020000000020002000100020101010000000000020000000000000000000200000020

00002000000003333333332332333333000000000000000000020000000000000000200000201000000000001200000000000000000000000000000000002000

00000000000003332333333333332333000000000000200000000000200002000000000000000100000020022100000200000000000000202002000020000000

00000000000000000000000000000000000000002000000000000002000000200000000000001210000000000010000000020000000000020000000000000000

00000200000000000000000000000000000002020200000000020000002000000000000000010001200000002201000000200000000200000000002020000000

00000000000000000000002000020000000000020000000000000000000200000000000000101010000000000000120200000000000020200020000020000000

00020022000202000000200000000000000000000000000000000000000000000000200001000001002000000001010000000000000000000000000000000000

00000000000002200000000200000000000000000000000000000000000000000000000010100010100200000010001000020000000020000000000000000000

00000000002000333333333333333333300000000000000000200000000000000000000100010100010000000101002102000000000000000000200000000000

00000000000000332332333333333333302000000020000000000000000000000000001010100010101000001000100200000200000000002000000000000000

20020000000000334444444444444443300000000000000000200020000000000000010000010100000100022101002000000002000000000033333233333333

00000002000000324444444444444443302022000000000000000000020000000000122000100010001000020000100000000000200002000233333333333332

00000000000000334452555555525443300000002200000000000020000200000002020200010101010100000000010000000000000002000033444444424444

00002002000000234455555555555443300000000000000000000000000000000020000200100000000010002000101000000000000000000233444444444444

00000000000002334455666666655443300000000220000000000000000000000000000221000000000101000001000100000000000000000033445255555555

00000000200000334425666666655443320000000000000000000000000000002200000000100000001020100020101012000000000000000033445555255555

00000000000000334455666666655443300000000000000000000000000000020000000001010000010000010000000201000000000000000033445266662665

00000000200000334455662666655443300002000000000000000000000000000000020010001000101020101000002000100000000000000033445566666665

00000000000000334455666666655443300000200000000000000002000000000000000001010001200000000100200001010200020000000033445566666665

00000000000200334455666622655243300000000000000000000000200000000000000200001012100000001010000000000002002000002033445266266665

00000000000000332455666626655443300000000000000000000000000000000000000000010000010000010001000000000000020000020033445566666665

00000000000000334455555555555443200000000000020000200020000000000000000000102000101000100010100000002000000000000033422566662665

00000000000000334455555555555423300000000000000000000000000000000000000021000031333131313133313330000200000000000033445566666665

00000000000000334444444444444443300020000000000000000000000200000000000010100013131333333313131330000000000000000033445555255555

00000000000020334444244442444442300000000000000000000000000000000000000100010133444144424144444130000000000000000033445555555555

00000000000000333333333323333233322000000000000000000000000000000000001010100013441414444414241310000000000000000033444444444444

00000000000000333333333333333332300000000000000000000000000200200000010000012131415551555155544331000000200000000032444444244442

00000000000000000000002000000000220000000000000020000002000000000000102000100033441515151515544310100000000000000033323333333333

00020200000020000000020000000000000000000000000000000200000000000001020001010033415566666661544230010000000000000032333333333333

00000000002200000000000000000000000000002000000000000000000000000010000010000033141566666615144330101000000000000000000000000000

00000000020000000000200000000000020000000000000000000000000200000101002101020031445166666165514331000100000000000000000000000000

00000000000000002000000200000000000200000000000000000000000000001000101000000013142516661615141310100010000000000000000000000000

00000000000000000000000000020000000000000000000000000000000000010101000100020133422561616265544330010101002000000000000000000000

00000000000000000000000000000000000000020000000000000000000000100000101000200013445516666665544330100000100000000000000000000000

00000000000000000000000000000000000000000000000000000000000001012001000100000131445161666665544330200001020000000000000000000000

00002000000002000002000200000000000000000000000000000000020010001010120010001033141555155555544330000010000000000000002000020000

00000200000000000000000000000000000000000000000000000000000101010200010101010131445151515555544330000101000000000000000020000000

00000000000000000000000000000200000000000000000000000000001000000000100000000033141444441444444330202020100200000000000000000000

00000000000000020000000000000020000000000000000020000000010100022001010000000032444144414144444330002000010000000000000002000000

00002000000000000000020020000000000000000000000000000000100020000010001000000033331313233313333330020000102000020000000200000000

00000000000000000000000020000000000000000000000000000001010000000101010100200033313333332131333330000001000000002000000000200000

00000000020000000000020000200000000000000000000000000010001020001000000012000000101000000000000000000010100000000000020000000000

00020000000000200000000000000000000000200000000000000102000002010100002101000001000100000000000000000100010200000000000000002220

00000000000000000000000000000000000000000000000000001000002000000010001000120010101010000000000000001010000020000000000000000000

00000000000000000200000002000000200000000000200000010100000000000101010101010100002001000002000000010001000000020000000000000000

00000020000000000000000000000000000000000000000000100010000000001000000000000010000010100000000000100010102000000000000000000000

00000000000000000000000000000000020000200000000001010201200000010100000000000101000100010200000001010202000000000000000000000000

00000000000200000000000000000000000000000000000010000000100000120220000000001000101010100022000000000000000000002000000200000000

00000020000000020000000000000000000000200000000201000001010002010000000000010201000000010200000200000000000020000000000000000002

00000000000200000000000000000000000200000000000000100010001000001000000000102000100000100000000000000000000000000000000000000000

00000000000000000000000000000000000000000000000001010101010100010100000001000001010001010000000000002000020000000000200000000200

00000000002000000000000000000000000000000000000010000200000022100010000010000010001020001020000020000000000000000000000000000200

00000000000000000000000000000000000000000000000100000000200000010121000101002101010000010000000000000000000000000000000002200000

20000002000000000000000000000000000000000000001010000000000000100000101000101000001000101000000000020002000000000000000000000000

00000000000200000000000000000200000033333333313331333330000001010000000201000100010101000100000000000000000000000000000000220002

00000000000002000020000020000000000033333333131313133330020010001000000000201010100000101010000000000000200002000000000000020000

00000020000000000000000000000000000033424441444444414230000200010100000000000000000001000001000000000000000002000000000002000000

00000000000200000000000020000000000033444414144444144330000000100210000000000000000010000010100000200000000002002000000202000000

00000000000002000000000000022000200033445155515521524330000001010101000000000200000001000100010000000200000000000000000000000002

02000002000000000000000000000000000033241215151515544330000010000202100002000000000020101012001000000000000000000000000000000000

00002000000000000000000000000000000033445566666661544330000101000001010000000000020000000001010100000002000000000000000000000000

00000000000000000002000000000000000033445526666615144330001000200020001000000000002000000012002010000000000000000000000000000000

00000000000000000000000000200000000033445526666165514330010200000000010100000000000000000101000000002000000000000000000000000000

00000000000000000000000000000000000033445566661615141330100020000000100010000200000000001000100000000000000000000000000000000000

00000002000020002200000000000000000033445266616665544230010000000001012101000200000200010001200000000000000000000020000000000000

00000000000000000000000000000000000033445566161665544330101000000010000000120000020000101010100000202000000000000000000000000000

00000002000000002000000000000200000033425561666165244331000100000101000000010000000001000000010000000000000000000000020000002000

00000000000200000000020000000002000033425525151515544310101010001000200000201000000010100000121000020000000000000000000000002200

00020000000000000000020000020002000033445555555551544130000001010100000000000100000100010001000100000000002000000000000200000000

00000002000000000000220000000000000032444444444414141310000010002010000002001010001010101010121012020000000000200000000000002000

00000000000200020002000000000000000033444444444144444331000101000001000000210001010200000000000001000000000000000000000002000000

00000000000000000000000000000000000033333333331312333310121000120010100000101000000000000000000010100000200000200000000020000200

00000000000000000000000000000000020033333323313331333130000101010120010001000100000200000000000100020000000000000000000000000000

00000000000000000000000000000000000220000000001012001010001000000010101010101010000000000000001010020000000000000200000000000000

20000000000000200000200000200000000002000000000001010001010100000100000000000001000000000200010001000000000002000000000000000000

00000000000000000000000002000000000000020020000020001010000010001010000000000010000000000000101010100000002000000002000000000000

00000000000000002000000000002000000000000020000000010001000101000001000200000101000020000001000000010000000000000000000000200020

00000000020000000000000200200000000000000000000000101010001000102000100000001000100000000010200200101000000000000200000200002020

00000000200202002000000000022000000000000000000001000002000101000001010000210101010000000100000000000100000000000000000000020200

00000000000002000000000020000000000000000000020020100000001000100010001000100000021000201000000000000220000000000000000000000000

00000000000000000000000200000200000000000000000000010000010101000101010101010000002120020120000000000000000000000000000000000000

00000000000000000000000000000000002000000000000000101000102000101000002000001000001010000010000000000002200002000000200000000000

00000000002000000000000000000000000000000000000020002101000201000100000200010100010001000001000000000000000000000002000000000000
