0000000000000000000000000000000000010000000000000000000000000000000000
0000000000000000000000000000000000000000000000000000000000000000000000
0000000000000000000000000000000000000000000000000000000000000000000000
0000000000000000000000000000000000000000000000000000000000000000000000
0000000000000000000000000000000000000000000000000000000000000000000000
0000000000000000000000000000000000000000000000000000000000000000000000
0000000000000000000000000000000000000000000000000000000000000000000000
0000000000000000000000000000000000000000000000000000000000000000000000
0000000000000000000000000000000000000000000000000000000000000000000000
0000000000000000000000000000000000000000000000000000000000000000000000
0000000000000000000000000000000000000000000000000000000000000000000000
0000000000000000000000000000000000000000000000000000000000000000000000
0000000000000000000000000000000000000000000000000000000000000000000000
0000000000000000000000000000000000000000000000000000000000000000000000
0000000000000000000000000000000000000000000000000000000000000000000000
0000000000000000000000000000000000000000000000000000000000000000000000
0000000000000000000000000000000000000000000000000000000000000000000000
0000000000000000000000000000000000000000000000000000000000000000000000
0000000000000000000000000000000000000000000000000000000000000000000000
0000000000000000000000000000000000000000000000000000000000000000000000
0000000000000000000000000000000000000000000000000000000000000000000000
0000000000000000000000000000000000000000000000000000000000000000000000
0000000000000000000000000000000000000000000000000000000000000000000000
0000000000000000000000000000000000000000000000000000000000000000000000
0000000000000000000000000000000000000000000000000000000000000000000000
0000000000000000000000000000000000000000000000000000000000000000000000
0000000000000000000000000000000000000000000000000000000000000000000000
0000000000000000000000000000000000000000000000000000000000000000000000
0000000000000000000000000000000000000000000000000000000000000000000000
0000000000000000000000000000000033333333333333333330000000000000000000
0000000000000000000000000000000033333333333333333330000000000000000000
0000000000000000000000000000000033444444444444444330000000000000000000
0000000000003333333333333333333033444444444444444330000000000000000000
0000000000003333333333333333333033445555555555544330000000000000000000
0000000000003344444444444444433033445555555555544330000000000000000000
0000000000003344444444444444433033445566666665544330000000000000000000
0000000000003344555555555554433033445566666665544330000000000000000000
0000000000003344555555555554433033445566666665544330000000000000000000
0000000000003344556666666554433033445566666665544330000000000000000000
0000000000003344556666666554433033445566666665544330000000000000000000
0000000000003344556666666554433033445566666665544330000000000000000000
0000000000003344556666666554433033445566666665544330000000000000000000
0000000000003344556666666554433033445555555555544330000000000000000000
0000000000003344556666666554433033445555555555544330000000000000000000
0000000000003344556666666554433033444444444444444330000000000000000000
0000000000003344555555555554433033444444444444444330000000000000000000
0000000000003344555555555554433033333333333333333330000000000000000000
0000000000003344444444444444433033333333333333333330000000000000000000
0000000000003344444444444444433000000000000000000000000000000000000000
0000000000003333333333333333333000000000000000000000000000000000000000
0000000000003333333333333333333000000000000000000000000000000000000000
0000000000000000000000000000000000000000000000000000000000000000000000
0000000000000000000000000000000000000000000000000000000000000000000000
0000000000000000000000000000000000000000000000000000000000000000000000
0000000000000000000000000000000000000000000000000000000000000000000000
0000000000000000000000000000000000000000000000000000000000000000000000
0000000000000000000000000000000000000000000000000000000000000000000000
0000000000000000000000000000000000000000000000000000000000000000000000
0000000000000000000000000000000000000000000000000000000000000000000000
0000000000000000000000000000000000000000000000000000000000000000000000
0000000000000000000000000000000000000000000000000000000000000000000000
0000000000000000000000000000000000000000000000000000000000000000000000
0000000000000000000000000000000000000000000000000000000000000000000000
0000000000000000000000000000000000000000000000000000000000000000000000
0000000000000000000000000000000000000000000000000000000000000000000000
0000000000000000000000000000000000000000000000000000000000000000000000
0000000000000000000000000000000000000000000000000000000000000000000000
0000000000000000000000000000000000000000000000000000000000000000000000
0000000000000000000000000000000000000000000000000000000000000000000000
0000000000000000000000000000000000000000000000000000000000000000000000

0000000000000000000000000000000000001000000000000000000000000000000000

0000000000000000000000000000000000000100000000000000000000000000000000

0000000000000000000000000000000000001010000000000000000000000000000000

0000000000000000000000000000000000010101000000000000000000000000000000

0000000000000000000000000000000000001010100000000000000000000000000000

0000000000000000000000000000000000010101000000000000000000000000000000

0000000000000000000000000000000000101010000000000000000000000000000000

0000000000000000000000000000000001010101000000000000000000000000000000

0000000000000000000000000000000010101010100000000000000000000000000000

0000000000000000000000000000000001010101000000000000000000000000000000

0000000000000000000000000000000010101010000000000000000000000000000000

0000000000000000000000000000000001010101000000000000000000000000000000

0000000000000000000000000000000010101010100000000000000000000000000000

0000000000000000000000000000000101010101000000000000000000000000000000

0000000000000000000000000000000010101010100000000000000000000000000000

0000000000000000000000000000000101010101010000000000000000000000000000

0000000000000000000000000000000010101010101000000000000000000000000000

0000000000000000000000000000000001010101010000000000000000000000000000

0000000000000000000000000000000010101010101000000000000000000000000000

0000000000000000000000000000000001010101010000000000000000000000000000

0000000000000000000000000000000000101010101000000000000000000000000000

0000000000000000000000000000000000010101010000000000000000000000000000

0000000000000000000000000000000000101010101000000000000000000000000000

0000000000000000000000000000000000010101010100000000000000000000000000

0000000000000000000000000000000000101010101010000000000000000000000000

0000000000000000000000000000000000010101010101000000000000000000000000

0000000000000000000000000000000000101010101010100000000000000000000000

0000000000000000000000000000000001010101010101000000000000000000000000

0000000000000000000000000000000013131313131313333330000000000000000000

0000000000000000000000000000000031313131313131333330000000000000000000

0000000000000000000000000000000033141414141414144330000000000000000000

0000000000003333333333333333333033414141414141414330000000000000000000

0000000000003333333333333333333033141515151515141330000000000000000000

0000000000003344444444444444433031415151515151514330000000000000000000

0000000000003344444444444444433033141516161615141330000000000000000000

0000000000003344555555555554433031415161616161514330000000000000000000

0000000000003344555555555554433013141516161615144330000000000000000000

0000000000003344556666666554433131415161616161544330000000000000000000

0000000000003344556666666554433013141516161615144330000000000000000000

0000000000003344556666666554433131415161616161514330000000000000000000

0000000000003344556666666554431013141516161615141330000000000000000000

0000000000003344556666666554413131415151515151514130000000000000000000

0000000000003344556666666554131013141515151515141310000000000000000000

0000000000003344556666666554413131414141414141414130000000000000000000

0000000000003344555555555554131013141414141414141330000000000000000000

0000000000003344555555555551413131313131313131313330000000000000000000

0000000000003344444444444444131013131313131313131330000000000000000000

0000000000003344444444444441413101010101010101010000000000000000000000

0000000000003333333333333333131010101010101010101000000000000000000000

0000000000003333333333333331313101010101010101010100000000000000000000

0000000000000000000000000010101010101010101010101000000000000000000000

0000000000000000000000000001010101010101010101010000000000000000000000

0000000000000000000000000000101010101010101010101000000000000000000000

0000000000000000000000000001010101010101010101010100000000000000000000

0000000000000000000000000010101010101010101010101010000000000000000000

0000000000000000000000000101010101010101010101010101000000000000000000

0000000000000000000000001010101010101010101010101010100000000000000000

0000000000000000000000000101010101010101010101010101010000000000000000

0000000000000000000000001010101010101010101010101010101000000000000000

0000000000000000000000000101010101010101010101010101010100000000000000

0000000000000000000000001010101010101010101010101010101010000000000000

0000000000000000000000010101010101010101010101010101010100000000000000

0000000000000000000000101010101010101010101010101010101010000000000000

0000000000000000000001010101010101010101010101010101010101000000000000

0000000000000000000000101010101010101010101010101010101010100000000000

0000000000000000000000010101010101010101010101010101010101010000000000

0000000000000000000000001010101010101010101010101010101010100000000000

0000000000000000000000010101010101010101010101010101010101000000000000

0000000000000000000000101010101010101010101010101010101010100000000000
