0000000000000000000000000000000000010000033444444444444444330000000000
0000000000000000000000000000000000000000033444444444244444330000000000
0000000000000000000000000000000000000000033445555555555544330000000000
0000000000000000000000000000000000000000033445555555555544330000000000
0000000000000000000000000000000000000000033445566666265544330000000000
0000000000000000000000000000000000000000033445566666665544230000000000
3333333333333330000000000000000000000000033445566666665544330000000000
3332333333333330000000020000000000000000033445566666665544330000000000
4444442444444330000000000002000000000000033445566666665544330000000000
4444444444444330000000000000000000000000033445566666665544330000000000
5555555555544330000000000000002000000000033445566666665544330000000000
5555555555544330000000000000000000000000033445555555555544330200000000
5566666665544330000000000000000000000000033445555555555544330000000000
5566666665544330000000000000000000000000033444444444444244330000000000
5566666665544330000000000000000000000000233444444444444444330000000000
5566666665244330000000000000000000000000033333333333333333330000000000
5566666665544330000000000000000000000000033333333333333332330000000000
5566666665544330000000000000000000000000000000000000000000000020000000
5566666665544330000000000000000000000000000000000000000000000000000000
5555555555544330000000000000000000000000000000000000000000000000000000
5555555555544330002000000000200000000000020200000020000000000000000000
4444444444444330000000000000000000000000000000000000000000000000000200
4444444444444330000000000000000000000000000000000000000000000000000000
3333333233333330000000000000000000000000000000000000000000000000000000
3333333333333330000000000000000000000000000000000000000000000000000000
0000000000020000000000000000000000000000000000000000020000000000000000
0000000000000000000000000000000000000000000000200000000000000000000000
0000000000000000000000000000000000000002000000000000000000000000000000
0000000000000000000000000000000000000000000000000000000000000000000000
0000000000000000000000000000000000000000000000200000000000000000000000
0000000000000000000000020000000000000000000000000000000000000000000000
0000000000000000000000000000000000000000000000000000000000000000000000
0000000200000000000000000000000000000000000000000003333333333333333333
0000000000000000000000000000000000000000000000000003333333333333333333
0000000000000000000000000000000000000000000000000003344444444444444433
0000000000000000000000000020000000000000000000000003344444444444444433
0000000000000000000000000002000000020000000000000003344555555555554433
0000000000000000000000000000002000000000000000000003344555555555554433
0000000000000000000000000000000000000000000000000003344556666666554433
0000000000000000000000000000000000000000000000000003344556666666554433
0000000000000000000000000000000000000000000000000003344556666666554433
0000000000200000000000000000000000020000000000000003344556666666554433
0000000000000002000000000000000000000002000000000003344552666666554433
0000000000000000000000000000000020000000000000000003344556666666554433
0000000000000000000000000200000000000000000000000003344556666666554433
0000000000000000000000000000000000000000000000000003344555555555554433
0000000000000000000000000000000000000000000000000003344555255555554433
0000000000000000000000000000002000000000000000000003344444444444444433
0000000000000000000000000000000000000000000002000003344444444444444433
0000000000000000002000000000000000000000000000000002333333333333333333
0000000000000000000000000000000000000000000000000003333333333333332333
0000000000000000000000000000000000000000000000000000000000000000000020
3333333333333000000000000000000000000000000000000000000000000000000000
4444444444443300000000000000000000000000000000000000000000000000000000
5555555555544300000000000000000000002000000000000000000000000000000200
6666666666554300000000000000000000000000000000000000000000000200000000
6626666666654300000200000000000000000000000000000000000000000000000000
6666666666654300000000000000000000000000000000000000000000000000000000
6666666666654300000000000000000000000000000000000000000000000000000200
6666666666654300000000000000000000000000000000000000000000000000000000
6666666666654300000000000000000000000000002000000000000000000000000000
6666666666654300000000000000000000000000000000000020000000000000000000
6666666666654300000000000000000000000000000000000000000000000000000000
6666666666654300000000000000000000000000000000000000000000000000000000
6666666666654300000000000000000000000000000000000000000000002002000000
6666666666654300000000000000000000000000000000000000000000000000000000
6666666666654300000000000000000200000000000000000000000000000000000000
2666666666654300020000000000000000002000000000000000000000000000000000
6666666666654300000000000000000000000000000000000000000000000000000000
5555555555554300000000000000000000000000000000000000000000000000000000

0000000000000000000000000000000000100000033444444444244444330000000000

0000000000000000000000000000000001010000033445555555555544330000000000

0000000000000000000000000000000000101000033445555555555544330000000000

0000000000000000000000000000000001010100033445566666265544330000000000

0000000000000000000000000000000010101010033445566666665544230000000000

3333333333333330000000000000000101010101033445566666665544330000000000

3332333333333330000000020000001010101010133445566666665544330000000000

4444442444444330000000000002010101010101013445566666665544330000000000

4444444444444330000000000000001010101010131445566666665544330000000000

5555555555544330000000000000012101010101013145566666665544330000000000

5555555555544330000000000000101010101010131445555555555544330200000000

5566666665544330000000000000010101010101013145555555555544330000000000

5566666665544330000000000000101010101010131414444444444244330000000000

5566666665544330000000000000010101010101213141444444444444330000000000

5566666665244330000000000000101010101010131313133333333333330000000000

5566666665544330000000000001010101010101013131313333333332330000000000

5566666665544330000000000000101010101010101010100000000000000020000000

5566666665544330000000000000010101010101010101000000000000000000000000

5555555555544330000000000000101010101010101010000000000000000000000000

5555555555544330002000000001210101010101020201000020000000000000000000

4444444444444330000000000000101010101010000000100000000000000000000200

4444444444444330000000000000010101010101000000010000000000000000000000

3333333233333330000000000000001010101010100000100000000000000000000000

3333333333333330000000000000010101010101000001010000000000000000000000

0000000000020000000000000000001010101010000010101000020000000000000000

0000000000000000000000000000010101010101000001210100000000000000000000

0000000000000000000000000000001010101012000000101010000000000000000000

0000000000000000000000000000010101010100000000010100000000000000000000

0000000000000000000000000000101010101010000000201010000000000000000000

0000000000000000000000020000010101010101000000000101000000000000000000

0000000000000000000000000000101010101010100000001010100000000000000000

0000000200000000000000000001010101010101000000000101333333333333333333

0000000000000000000000000010101010101010000000001013333333333333333333

0000000000000000000000000101010101010100000000010101344444444444444433

0000000000000000000000001020101010101010000000101013144444444444444433

0000000000000000000000000002010101020101000001010101314555555555554433

0000000000000000000000000000002010000010100000101013141555555555554433

0000000000000000000000000000000001000001010000010101314156666666554433

0000000000000000000000000000000010000010101000101013141516666666554433

0000000000000000000000000000000001000001010001010101314151666666554433

0000000000200000000000000000000010020010101010101013141516166666554433

0000000000000002000000000000000101000102010101010101314152616666554433

0000000000000000000000000000000020101000001010101013141556661666554433

0000000000000000000000000200000000010100010101010101314156616166554433

0000000000000000000000000000000000101010101010101013141515151515554433

0000000000000000000000000000000001010101010101010101314151215151554433

0000000000000000000000000000002000101010101010101013141414141414144433

0000000000000000000000000000000000010101010102010101314141414141414433

0000000000000000002000000000000000001010101000001012131313131313133333

0000000000000000000000000000000000010101010100010101313131313131312333

0000000000000000000000000000000000001010101000001010101010101010100020

3333333333333000000000000000000000010101010000000101010101010101010000

4444444444443300000000000000000000101010101000001010101010101010101000

5555555555544300000000000000000001012101010100010101010101010101010200

6666666666554300000000000000000010101010101010101010101010101210100000

6626666666654300000200000000000101010101010101010101010101010101010000

6666666666654300000000000000001010101010101010101010101010101010101000

6666666666654300000000000000010101010101010101010101010101010101010200

6666666666654300000000000000101010101010101010101010101010101010100000

6666666666654300000000000000010101010101012101010101010101010101010000

6666666666654300000000000000001010101010101010101020101010101010100000

6666666666654300000000000000010101010101010101010000010101010101010000

6666666666654300000000000000101010101010101010100000101010101010101000

6666666666654300000000000001010101010101010101010001010101012102010000

6666666666654300000000000000101010101010101010101010101010101000001000

6666666666654300000000000001010201010101010101010101010101010000000000

2666666666654300020000000010100000102010101010101010101010100000000000

6666666666654300000000000101000001000001010101010101010101010000000000

5555555555554300000000001010100010100010101010101010101010100000000000
