00000000000000000000000000000002000000000200000000020002000020001000000000000000000000000000000002000000000020000000000000000000
00000000000000000000000020000000000020000000000000000000000000000000000000000000000000000000000020000000000020002000000200000000
00000000000000000000000000000000000000000000000000000000000002000000200000000000000200000000000000000200000000000020000000000000
00000000000000020000000000000000000000000000000000002000000200000000000000200000000200000000000000000000000000000000000000000000
00000000000020000002000002000000000000000000000000000020000020000000000000000000000000000000000000000000000000000000000000000000
00000000000000200000000000002000000000002000020000000002000000000020000000000000020000000000000000000000200000000000000000000000
00000000000000000000000000000000000000000000000002020000000000000002000000000000020220000002000000000000002000002000000000000000
00002000000000000000000000000000000000000000000000000200000000020000000000000020000002000000000000000000000000000002200000000002
00000000000000000000000000000000200000000000200000000000000000000000020000000000000000000200000000000020000000000000000000000000
00000000000200000000000020000000000000000022200000000000000000200000000000000000000002020002000000000000000000000000000000200000
20000002000000000000000000000000000000000000000020000000000200000000000000000000000000000000000000000000000000000000000000200000
00000000000000000000000000000000000000000000000000000000200000000000000000000000000000000000000200000000002000000000000000020000
00000000000000000000000000000000000000000000000200000002000000000000000000000000000020000000002000000000000000000200002000000000
00000000020000000000000000000000002000000000000000200200000000000002000000000002000000000000000002000000020002000000000000000000
00000000000200000000000000000000000000000000000000000000000020000000002000000000000000000000000000000000000200000000000000000000
00000000000000000002000000000000002000002000000000000000000000000000200000000000000020000000000000000000000020000000000000000000
00000000000000000000000000002000000000000000000000000000000000000000000000000000000000020000000200000000000000000020000000002000
00000000000000000002000000000000000000000002000002000200000020000000000000000000000000000000000200000000000000000002000000000000
02000000000000000020000000200000000000000000000000000000000000000000000200000000000200000002000020000000000000000000200000000000
00000000000000000000000000002002000000000000000000000000200200000000000000000000000200000000000000000000000000000200000000000000
00000000000000000000000000000000000000000000000000000000000000000000000000220000000000000020000000000200000000002000000002000000
00000000000000000000000000000000000000200000000000000000002000000000000000000000000000000000000000000000000000000000000000000000
00000000000000000000000200000000000000000000002000000002000000000000000000000200000000000000200000000000000000000000000000000000
00020000000000000000000000000000000000000000000000002000000000000000000002000000000000000000000000220000000000000000000000020000
00000020000000000000000000000000000000000000000000000000000000000000000000000000000000000000000000000000000000020000000002000000
00200000000000000000200000000000000000000000022000002000000000000000000000000000200000000000020000000000000000000002000000002000
00000000000000020000000000000000000000000000000000000200000000000200000000000000002000000002000020000000000000000000000000000000
00000000000000000000000000002000000000000000000000000002000000000000000000000000200000000000000000200200020000000000000000000000
00000000000000000000000000000000000000000000000000000000002000000000000000000000000000000000000002202000000000000200000020000000
00000000000000000000000000000000000000000000000020000000000020000020020000002020000022000000000000000000020200000000000002000000
00000000000000000000000000000000000000000000000000000000000000000200000000002000002000200000000000000000000000000000000200020000
00000000000002000000000000000000000000000000000000000000200000000000000000000002000000000000000002000000000000000000000000000000
00200000000000000000200000000000000000000220000000000020000000000000000000000000000000000000000000002000000000000000000020000000
00000000000000000000000000000000000000002000000020000000000000000000000000000000000020000000000002000000000000200000000000000000
00000000000000000000000000000000200000002000000000000000002000000000000000000000000000000000000000000000000000000000000000000000
00000000000000000000000000000000200000333020000000000000000000022000000000000000000000000000000002000000000000000000000000000000
02000020000000000000000000000000000000333000000000000022000000000000000000000000000200200000200000000000000000000200000000000000
00000000000000002000000000000000000000333000020000000002000000000002000000000000000000000000000000000000020000000000000000000000
00000020000000000000000000000332020000200000000002000000200202000000000000000000000000000000000020000000200000000000000000000000
00000000000000000000000000000333000000000000000000020000020000000000002000000000000000000000000000000200000200000000000000000000
00000000000000000000000000200333002000000000200000000000000000000000000000002000020000000000000000002000000000000000000200000000
00000000000000000000200022000000000000002000000000000000000000000000000000000000000002000000200002200000020000020000000000000000
00000000000000000000000020000000000020000000000000000200000020000000000000000000000000220000000000000000000000000000000000000000
00000000000000000000000000000000000000020000000000000000000000000000020200000000000000000000000000000000002000000000000000002000
00000000200000000000000200000000000200000200000000000000000000000000200020000000000000000000000000000000000000000000000000000000
00020000000002000000000000000000000000020002000000000000000000000000000000000000000000000002000000000000000000000200000000000000
00000000000000200000000000000000000000000000000000022000000000000000000000002000000000000000000000000002000000000000000020000000
02000000200000020000200000000000000000000000000000000000000200200000000200000020000200002000200000000000000000000000000000000000
00000020000000000020000020000000000000200000000000000000000002000000000000000000000000000000000000020000000000000020000000000000
00000000200000000200000000000002000000000000000200000000000002000202000000002000000000200000000000000000000000000000000000000000
00000000000000000000000000020000000000020000000000000000200000000002000000000000020000200200000000000000000000000200000000000000
00000020000000002000000000002000000000000000000000000000000000000000000000000000000000000000000000000000000000002000200000000000
00000000000002000000000000000000000000000000000000000000200000000000000000000000000000000000000000000000000000020000000002000000
20022000000000000000000000000000000000000000000000000000200000000002000000000000000000000000020000000020000000000000000000000000
00000000000020000000000000000002000000000000000000000020000020000000000002000000000000000000020000000000000002000000002000000200
00200000000000020202000000000200000000000000000000200000000000000000000000000000000000200020000000020000000020020000000000000000
20000000000000000000000000000000000020000000000000000000000000000002000020000000000000000000000000000000200000000000000000020000
00000020020000000000000000000000000333000000000002000002000000002000000000020000000000000000000000000000000000000000000000000000
00200000000000000200000000000000000333000000000000000000000000000000000000020000000200020000000000200000000020000000000000002000
00000000000000220000000000000000000333000000000000000000000000000000000000002000000000000000020000002002000000000000000200000000
00000000002000000000000000020000000000000000000000000000000000000000000000000000000000000000000000000002000000000000000000000000
00020000000000020000000000000000000000000000000000002000000000000000000000000000000000000000000200000000000000000000000000000000
20000000000000000000000000000200000000020000000000000000000000002000000020000000022000000000020200000200000000000000000000000000
00000000200000200000000000000000020000002000000200000000000000020000020000000000000000000200200000000000000000000000000202002000
00000000000000000000000002000000000000200000000000000000000000000000000000000000000000000000000000000000000000000000000000000000
00000000000000000000000000000202000000220000000000000000000000000000000000020000000000000000000000000000000000202200000000000000
02000200000020020000000002000000200000000000000002000020000000000000000000002000000000200020000000000000000020000000000000000000
00000200000000000000000000000000000000000000000000000000200000000002000000000000000000000000000000000000000000000000020000000000
00000020000000000000000000020000000000000000000000000000000000000000000000000000000000000200000000000000000000000000000000000000
00000020000200000020000200000000000000000020002002020020200000000020000000002000000000000000000000000000000000002000000020022000
00000020000000000000000000000000000020000000000000020000000000200000002000000000000000000000000000000000000000000000000000000000
00200000000000000000000000020000000000000000000000000000000000000200200000000000000000000000000000000000000000000000000000000000
00002200200000000000000020000000000000002000002020000000000000000000000000002000000000000000000000020000000000000000000000000000
00000000000000020000200000000020000000000000000000200000000000002000020000000000000000000000000000000000200000000000000000200000
00000020000200000000200000020002000000000000000000000002000000000200000000000000000020000000200000000000000000002022000000000000
00000000000000000000000000000000000000000000000020000000000000000000000000000020000000000020000000000000000000000000000000000000
00000000000000002002000000000000000000020000000000000000000000000000000000000000000333000000000000000000000000000000000000000000
00000000200000000000000000000000000200000020000000200000000000002000000000000020020333000000000000000000000000200020000000000000
00000000000000000000000000000200000000000002000000000000000000000000000000000000000333000000000000002000200000000000000000000000
00000020000000000000000200000000000000000000000000000000000000000000000020000000200000000000000000000000000000000000000000000002
00000000000000000002000000000000000200000000020000000000000002000000000000000000000000200000002000000000000000020002000000000000
00020200000000020020000000000000000200200000000000000000000000000000000000002000000000000000000000000000000000000000000000000000
00000000000000000002000000000000000000200000000000000000000000000000000000000000000000000000000000000000000000000000000000000000
00020000002000000000000000000000000000000000002000000000000000000000000000000000000000000000000000000000000000000200000000000000
00000000020002000000000000200000000000000002000000000000002000000000000000000000000000000000000000000000000002220000000000200000
00000000000002002000000000000000000000000000000000200000000020000002000000002000000002000000000000200000000020000000000000000000
00000000000000000000200000000000000000000000000000000000000000200000000000000000022000000000020000000000000000220200000000000000
00000000200000000020000000000000000020000000000000000000000000000000000200000000000000000000200000000002000000000000000000000000
00000000000000000000000000000000000000000200200000000020000000000000002000000000000020200000000000000000000000000000000000000000
00000000020000000000000000020000000000000000000002000000000000002000000000002000000000000000000000200000000000000000000000000000
00200000000000000000000000000000000000202000000000000000000000020200200000000000000000000000200000000000000000000000000000000000
00002000000200000000000000000000000200000000000000000000000000002000020000020000000000000000000000000000000000000000000002000000
00000000000000000000000000000000000000000000000000000000000000000000000000000000000000000000000000000000000000000000020000000000
00000000000000002000000000000000000000000000000000000200000000000000000000000000200000000000000000000000000000000000000000000000
00000000002000000200000000002000000000000000000000000000000000000000000000000000000000000000002000000200020000000000000000000000
00000000200000000000000000000000000000000000000000000000000000000000000000002000000000000000000000000000000020000000000000000000
00000200000000000000000000000000000000000000000000000000000000000000000020000000000000000000000000000000000000000020000020002000
00000000000000000000000000000000000000200000000000200000000000000000000000000000000000000000002000000000000000000020000220020000
00000000000000000000000000000000000000000000000000020002020002000000000002000020000000000000000000000000000000000020000000000000
00000000000000000000000000000000000000000200000000000000002000000000200200000000000000000000000000000000000000200000000000000000
00000200002000000002000000200020000000000000000000000000000000000000000000000000000000000000200000000020000000000000000000000000
00000000000000000000000000000020000000000000000000002000000000000000000000000000000000000000000000000000000020000000002000000000
20000000000000002000000000000000000000000000000000000020000000000000200000000000000000002000000000000000000200000000000002000000
20000000000000000000000000000000020000000200000000000000000000000000000000000000000000000000000000000000000000000000000002000000
00000000000000000020000000000000000000000000000000000000000000000020000000000200000220000000200000000000000000000000220000000020
00002000000000000000000020002020000020000000000000000000000200002000000000000000000200000000000003320000000000002000000000000000
00000000000000000000000000000000000000000000200000000200000000000000000200000000000000000000020003330002020000000000000000000000
00000000000020000000000000000000000000000000000000002000000000000000000000000000000000200000200003330000000000000000020000000000
00020000000000000000000000000000000000000000020000000000000000000000000000000000000000000000000000000000000000020000000000002000
00000000000000000000000000000000000000202000002000000000000000000000000000000000000000000000000000002000000200000000000000000000
00000000000000000002000000000000000000002000000000000000000000000000000000000000020000220000000002000000000000020000000200000000
00000002000000000000000000000000000000000000000000000000000000000000000000000002002020000000000000000000000020000020000000000200
00022000000000000020000000000200000000000002020000000000000000000000000000000000000000000000000000000000000020000000002000000000
02000000000200000000000000000000000000002000000020000000000000002000000200200000000000000000000000000000000000000000000200000000
02000000000000000000000000000000000000000000000000000000000000000000000000000000020000000000002000000000000000000000000000000000
00000002000000000000000000000000000000000000000000000000000000000000002000000000000000000000000000000000200000000000000000000200
00000000000002000000020000200000000000000000000200000000000000020000000000000000000000002000000000000000000000000002000000000020
00000000000000000000200000000000000000000000000000000000000002000200000000020000000000002000000002000000020000000000000000000000
00000020000000000000000000000000000000200000000000020000000000000000000000000002000000000000000000000000000000000000000002000000
00020002000000000000000000000000000000000000000002000000020020000000000000000020000000000000000000000020000000000000000000000000
00000000000000000000002000000000002000000000000000000000000000000000000000000002000000000000000000000000000020020000000000002000
02000000000000000000000000000000000000200000000000000000000000000000000000000020020000000000020000000000000000000000000000000000
00000000000000000000000000000000000000000000020000000000020000000000000000000000000000000000000000000000000000000000000000000000
00000000000000000000200000200000000000000000000000000000000200020000222002000000000000000000000000000000000020000000000000020200
00000000000000002000000000002000000000000000020000000000000000000222000000000002002000000000000002000000000202002000000000000002
00000220000000000000000000000000000000000000002000000000000200000000020000000200000000000000000020000000000000000000000000000000
00000200000000000000000000020000002000000000000002000000200000000000000000000000000000000020200000000000000020000000000000000000
00000020000000000002000000000000000000000000000020000000002000000200000000000000000000000000000000000000020200000000000000000000

00000000000000000000000020000000000020000000000000000000000000010000000000000000000000000000000020000000000020002000000200000000

00000000000000000000000000000000000000000000000000000000000002101000200000000000000200000000000000000200000000000020000000000000

00000000000000020000000000000000000000000000000000002000000200000100000000200000000200000000000000000000000000000000000000000000

00000000000020000002000002000000000000000000000000000020000020000010000000000000000000000000000000000000000000000000000000000000

00000000000000200000000000002000000000002000020000000002000000000120000000000000020000000000000000000000200000000000000000000000

00000000000000000000000000000000000000000000000002020000000000001012000000000000020220000002000000000000002000002000000000000000

00002000000000000000000000000000000000000000000000000200000000020001000000000020000002000000000000000000000000000002200000000002

00000000000000000000000000000000200000000000200000000000000000000010020000000000000000000200000000000020000000000000000000000000

00000000000200000000000020000000000000000022200000000000000000200100000000000000000002020002000000000000000000000000000000200000

20000002000000000000000000000000000000000000000020000000000200001000000000000000000000000000000000000000000000000000000000200000

00000000000000000000000000000000000000000000000000000000200000010100000000000000000000000000000200000000002000000000000000020000

00000000000000000000000000000000000000000000000200000002000000100010000000000000000020000000002000000000000000000200002000000000

00000000020000000000000000000000002000000000000000200200000001000002000000000002000000000000000002000000020002000000000000000000

00000000000200000000000000000000000000000000000000000000000020100000002000000000000000000000000000000000000200000000000000000000

00000000000000000002000000000000002000002000000000000000000000010000200000000000000020000000000000000000000020000000000000000000

00000000000000000000000000002000000000000000000000000000000000101000000000000000000000020000000200000000000000000020000000002000

00000000000000000002000000000000000000000002000002000200000020000100000000000000000000000000000200000000000000000002000000000000

02000000000000000020000000200000000000000000000000000000000000001000000200000000000200000002000020000000000000000000200000000000

00000000000000000000000000002002000000000000000000000000200200000100000000000000000200000000000000000000000000000200000000000000

00000000000000000000000000000000000000000000000000000000000000001010000000220000000000000020000000000200000000002000000002000000

00000000000000000000000000000000000000200000000000000000002000010001000000000000000000000000000000000000000000000000000000000000

00000000000000000000000200000000000000000000002000000002000000001010100000000200000000000000200000000000000000000000000000000000

00020000000000000000000000000000000000000000000000002000000000010000000002000000000000000000000000220000000000000000000000020000

00000020000000000000000000000000000000000000000000000000000000101000000000000000000000000000000000000000000000020000000002000000

00200000000000000000200000000000000000000000022000002000000000000100000000000000200000000000020000000000000000000002000000002000

00000000000000020000000000000000000000000000000000000200000000001210000000000000002000000002000020000000000000000000000000000000

00000000000000000000000000002000000000000000000000000002000000000000000000000000200000000000000000200200020000000000000000000000

00000000000000000000000000000000000000000000000000000000002000000000000000000000000000000000000002202000000000000200000020000000
