00000000000200000000000000000000000000002000000000000000002000001002000000020000000000000000000000000000000000000000000000000000
00000000000000000002000000000000000000000000000000220000000000200000000000000000000000000000000000000000000200000000000000000000
00000000000200000000000000200000000000000000000000000000000000000000000000000000000000000000000000000000000000000000000000200000
00000020000002000000000000000000000000000000000000000000000000000000000000000000000000000000000200000000000002000000000000002020
00000000000000000000000000002000000000000000000000000000000000000000020000000020000002000000000000000000000000002000000000020000
00000000000002000000000000000000020000333333333333333332300000200000000000000000000000000000000020000000000202000000000000000002
00000000000000000200000000000000000000333333333333323233300000000002000000000000000000000000000000000000000000000000000000000000
00000000000000000000000000000000000000334444444444424443300000000000000020000000000000000022000000000000000000000000200000000002
00000000200000000000000000000000000000334444444444242423300000000000000000000000000000000000000000000000002000000000000000002000
00000000000000000000200000200000000200324455555555555443302000000000200000000000000000000000000200000000200000000000000000000000
00000000000000000000000000000000000000334455555555555443300000000000000020000000000000000020000000000000000000000000000000000000
00000000000000000000000020000002002000334455666666655443320000000000000000000000000000000000000000200000000000000000000000020000
00000000000000000000000000002000000000334455666666655443300000000000000000000000200000000000000000000000000000002000000000000000
00000002000000000000000000000000000000334255666666655443300000000000002000000000000000000000000000000000000000000000000000000002
20000000000002000000002000000000020000334455666666655443300000000002000000000020200000000020000000000000000000000000000000000000
00000000000000000000002020000000000000334455666266655443302000000000000000000000220000000000020000000000000020000002000000000000
00000000200000000000000000000000000000324255666666655243300000000000000000020000000000000000000002000000000000002000200000000000
00000000002000000000000200000000000000324455666666655443300000000000000000000000000000000000000000200000002000000000000002000000
00000002200000000000000000000000000000334255555555555443300000000000000000220000000200000000000000000000000000000000000000000000
00000000000000000020000000000000000000234425555555555443300000000000000200000020000000020000000000000002000000000000002000000000
00000000000000000000000000000000000000334444444444444443300000000000000000000000000000000000000000000000000000000000000000000000
00000000000000000000000000000000002000334444444424444443300000000000333333333333333333300000020000000000000002200000000000000000
00000000000000000000020000000000000000333333333333333333300000000000323333333333333333300000000000000200000200000000000000000000
00000200000000000020000000002000000000333333333333323333320000000002334444444444442443300000000200000000000200000000000000000020
00000000000000000000000000002000000000000002000000000000000000000000334444444444444443300020000000000000000000000002000000000000
00000000000000000000000000000000000000000000000000000000000002000000334455555555555443300000000000000000000000000002000000000000
00000000000000000020000002000000000000000000000020000000000000000000334455555555555443300000000000000000000020200000000200000000
00020000000000000000000000200000020000000000000000002000000000000000334255666666655443300000200000000000000000000000000200000000
00003323323323333333333000000000000000000000000000000000002002000000334455666666625443300000000000000000000000000000000000000000
00002333333333333333333000020000000000000000000000000000000000000020334452666666655443200000000000000000000002000000000000000000
00003344444444444444233000000000000000000000000000000000000000000022334255666666655443300000000000000002000000000000000000000000
00003344444444444444433000000000000000000000000000000000000000000200334455666666655443300000000000000000000000000000000002000000
00003244555555555554433000000000000000000000000000000000000200000000334455666666655443300002000002000000000000000000000000200020
00003344555555555554433000002000000020000020000000000200000000000000334455666666655243300000000000000000000000000002000000002000
00003344556666666554433000000000000000000000000020000000000000000000334455555555555443200200200000000000000000000200000200000202
00203342556666666554433000000000000000000000000000200000000000000000334455555555555443300000000000000000000000020000000000020200
00003344552666662554233000000000000000000000002000000000000000000220334224444444444443300000000000000000000000000000000000000200
00003344556666662554433200000020000020000000000000000000000000000000334444444444444423300000000000000000000000000020000000000000
00003344552666666554433000200000000000000020000000000000002000000000323333333333333333300000200002000000000000000020000000000000
00003344556666666554433000000000000200000000000000000000020000000000332333333323333333300000000000020000000000000000000000000000
00003344256666666554433000000000000200000000000000000000020000020000000200000000000000000020000000200000200000000200000000000000
00003344555555525554433000020000000020000020000000000000000000000000000000000000000000000020002000000200000000000000000002000000
00003344552555555524433000000000000000000000000000000000000000000000000000000000000000000000000000000000000200000200000000000000
00203344444442444444433000000000000000020000000000002000000000000000000002000000000000000000000020000020000000020000000000000000
00003344444444444444433000000000000002000002000000000000000000000000020000000000000000000000000000000000000000000200000002020002
00003333333333333333333000000000000000000000000000022000000000000000000000000000000000000000000002000000000000002000000000000000
00003333333333333333333000002000000000000000000000000000000000000000000000000000000000000020000000000000000000000000000000000000
00000002000000020000000022000000000000000000000000002020000000000000000000000000200020000000000000000000000000000000000000000000
00000000000000000002000000000000000000000000020000000000000220000000000000000000000000000000000000000000000000200000000000000000
00000000000000000000000000200000000000000000002000000000000200000002200000000000000002000000000200000000000000000000000200000000
00000000000000200000000000000000000000000000200000000000000000000000002000000000000000000000200000000000000000000000000000000000
00000000000000000000000000000000000000000000000000000000000000000000020000200000000000000000000000000000000000000000000000000000
20000000000000000000000000000002000000020200000000000000000000000000000000000000000000000000000200000000000000000000000000200000
00000000000000002000000000000000000000000000000000000000000000000000000000000000000000000000000000000000002000000000000000000000
00000000000000000002000000020000000000000000000000000000000000000200000000000002000000000000000200000000000200000200000000000000
00000000220000020000000000000000000000000000000000000000000000000000000020000020000000000000000000000000000000000000000000000000
00000200000000000000200000000000002200000000002000000000000000000000000000000200000000000000000020000000000000000000000000000200
00002000000200000000200000000020000000002000020000000000000020000000000020000000000000000000000000000000000000000000000000000020
00000000200000000200000000000000000000000000000000002002200000000000000000022000000000000000002000020000000000000000000000000000
00000020000000000000000000000000200000000000000000000000000000000000000000000000000000000000000000000000020000000000000000020000
00000000000000202000220000000200000000000000020200000000000000000000000000000000000020000000000002000000000000000000000020000000
00002002000000000000000000000000200020000200000000000000000000000000002000000000000000000000200000002000000000000002020000000020
00000000000000000000000020000000000000000000020000000000000000002000000000000000000000020000200002000200000000020000000000000000
00000000000000020000000000000000000020000000200000000002020000020000000000000000000020000002000000000000000020000000000000020000
00000000000002000000000000000000000000000000000000000000000000000200200000002000000020000000000000000000000000000200000000000000
00000000000000000000000000000000000000000000200000000000000000000000000000000002000000002000000220200000000000000200000000000000
02000000000000000000000002000000000000200000000220000000000000000000000002000000200000000000000000000000002000000000002000200000
00000000000000000000000000000000000000000002000000000200000000002000000200000000000000000000000000000000002000000000000000000000
00000200000000000000000000000000000000020000000002000000000000000000000200000000000000000000000200000000000000000000000000000000
00000000002020000022000000000000000000000000000000000000000000000200020000002000000000000000000000000000000000000000000000000000
00000020202000000002000000002020000000000000000000000000000000000000000000000000000200000000000000000000000000000000020000000200
00000020000000020000000000000000200000000000000000000000000000000000000000000000000000000000000000000000000000000000000000200000
00000000000000000000000200000000000000002000000000000000002000000002000020000000000000000000000000000000000020000000000000000020
00000000000000200000000000000202000000000000000000002000000000000000000000000000000000000000000000000000000000000000000000000000
00000000000000000000000000000000000200000000002000000000000000000000000000000000000000000000000000200200020000000000000000000000
00000000000002000002000000000000000000202000000002000000000000200000020000002000000000000000000000200002000200000000000000000000
00002000000200000000200002000000000200002000000000020000000000222000000000000000000000000000000000000000000000000000000000000000
00000000000000000000000000000020000000000000220000020000000000000000000000000000020000000000000000000200002000000000000000000200
00000000000000000002000000000000000200000000000000000000000000000000000000000000022000000000000000000200000000000000000000020000
00000000020000000000000000000000000000000000000000000000000000000000000000000000000000000000000020000200000033333333322333333330
00000200000000202000000000000000020000000000000000000000000000000000000000000000000000000000020000000000000033332333333233333330
00000020000000000022002000002000200000000000000000000222200000000000000000000000000000000000000000000000000033444444444424244330
00000000000000000000002000000000000000002000000002000000000000000000000000000000000020000000000000000020022033444444424444444330
00000000000000002000000000002002000000000000000002000200000000000000000000000000000000000000000000000000000033425555555555544330
00000000000000002000020000000000200000000220200000000000000000200000020000000000000000000000000000000000000033445555555555524330
00000000000000000000000000220220000002000000000000020000000000000000000000000000020000000000000000000000000032425566666665544330
20000000000000000000000000000000000000000000000000000000000000000200000000000000000000002002002000000000000033445262666665544330
00000000000000000000000000000000200000000000000200000000020000000000000000000000000000000020002000000000000233445566666665544330
00000000000000000200000000000000000000000000000000000000000000000000000000000000020000000000000000000000000033445566666665544330
00000000000000000000000000200000000000002020000000000000200000000000000000000002000000000002000000200000000033445566666665544330
00000000000000000000000000000000000000000000000000000020000000000000000000000000000000002200000000000020000023445566666665542330
00000000000000000000000000000000000000220000020000000000200000000000000000020000000000000000000000000000000033445566666625544330
00000020000000000000000000000020000000000000000002000000000000000000000000000000000000000000200000000002000033445555555555544330
00000000000000000000000000000000000000000000000200000000000000000002000000000000000000000000000000000000200033445555555555544332
00020000000000000020000000000000000000000000000220000000000200000000000000000000000020000000000000000000200033444444444444444330
20000000000000000000000000000000000000000000000000000000002000000000000000000000000000000000000000200000000033444424444444444330
00000000000000200000000000000000000000000000000000000002000000200000000000200000000002000000000000000000020033333333333333333330
00020000000000000000000000000000000000022000200000200000000000000000000000000200000000000000000000000000000033333333333333333330
00000000000000020000002000000000000020000000000000000000000000000000000000000000000000000000000000000000000000000000000000000000
00000000000200000000002000000000000000000000000000002000000000000000000000000000020000020000000000000020000000000002000200000000
00020000000000000200000020000000000000000000000000000000000000000200000000022000000000000000000000020020000000000000000000000000
00000000000000002000000002000000000000000000000000000000000000000000000000000000000000000000000000000000000000000000000000000002
00000000000000000000000000000000000000000000000000000000000000000000000000002000000000000000200002000000000000000000000000000000
00000000002000000000000000000000000000000020000000000000000000000000000000000000000000000000020000000000000000200000000000000000
00000000000020000000200000000000000000000000000000000002000000000000000000022000000000000000200000200000002000002000002020000000
00000002200000002000020000000000000000000000000000000000000000000000000000000000000000000000000000000000000200000000000000000000
00000002002002000000000000000000000000000000200000000000000000200000000000000000000002000000202000000000200000002000000000000000
00000000000000000000000000220000000000200020000000000000000000020000020000020000000000000000000000020000000000000000000020000000
00000000000000000000000000000000000000000000000000000000000000000000000000000000000000000000020000000000000022000000000000000000
00000000000000000000000000000000000000200020000000000000000020000000000000000000000000000000000000000002000000000000000200000000
00000000000000000020020000000000000000000000020002000000000000000002000000000000000000000200000020000020000000000000000000000000
00000000000002000000000000200000002000020000000000002200000000000000000000000000000000000000000000000000002022000000000002000000
00000000000000000000020000002020220000000000000000000000000000200000000000000000000000000000000000000000000000000000002000000000
00000020000000000000020033333323333333333330000000000000002002020020000000000020000000000000000000000000000000000000000000000000
00000000000000000000000033233333332333333330000000020000000000000000000000000000000000000000000200000000000020000000000020000000
00000000000000002000000033444444444444444320000000020000000000000000020000000000000000000000000000000000002000000000000000000000
00002000020000000000000033444444444242444330000000000000000020020020000000000000000000000000000000000000200020000000000002000000
00000000000000000000000033445555555255544330020000200000000000000000000000200000000000000000000000000000000000000000000000200000
02000000002020000000000033445555555555542330000000000000000000000000000000000000000000200000200020000002000000000000000000000000
00000000000000000200000033445566666662544330000000000000000000000000000000000000000000000000000002000000000000000000000000000000
00002000000000000000020033445566666665544330000000000000002000000000000000000000000222000000002002000000000000002000000000000000
00000022000000000000000033445266666665544330000000000000000000000000000000000000000000000000000000000000000000000000000000000000
00000000000000000000000023445566666665544330000000000000000000000000000000000000000000000000000000000000000000000000000200000000
00000000002000000000000033445562666665544330000000000000000200200000000000000000000000000000000000000000000000000000000000000000
00000000200000000000200033445566666665244330000000000002000200000000000000000200000002000000000002220000000000000000000020000000
00202000000000000000020033445526666665544320000000000000000000000000000000020000000000000000000000000200000000000000000000022000
00020000000000000020000032445555555552544330000000000000000000000000000000002000000000000000000000002000000000000000000000000000
00000020002000000000000023445555555555544330000020200000000000000000000000000000000000000000000000000200000000002000000000000002

00000000000000000002000000000000000000000000000000220000000000210000000000000000000000000000000000000000000200000000000000000000

00000000000200000000000000200000000000000000000000000000000000100000000000000000000000000000000000000000000000000000000000200000

00000020000002000000000000000000000000000000000000000000000001010000000000000000000000000000000200000000000002000000000000002020

00000000000000000000000000002000000000000000000000000000000010001000020000000020000002000000000000000000000000002000000000020000

00000000000002000000000000000000020000333333333333333332300100210000000000000000000000000000000020000000000202000000000000000002

00000000000000000200000000000000000000333333333333323233301000100002000000000000000000000000000000000000000000000000000000000000

00000000000000000000000000000000000000334444444444424443300101000000000020000000000000000022000000000000000000000000200000000002

00000000200000000000000000000000000000334444444444242423301000100000000000000000000000000000000000000000002000000000000000002000

00000000000000000000200000200000000200324455555555555443312000010000200000000000000000000000000200000000200000000000000000000000

00000000000000000000000000000000000000334455555555555443100000000000000020000000000000000020000000000000000000000000000000000000

00000000000000000000000020000002002000334455666666655441320000000000000000000000000000000000000000200000000000000000000000020000

00000000000000000000000000002000000000334455666666655413300000000000000000000000200000000000000000000000000000002000000000000000

00000002000000000000000000000000000000334255666666655141300000000000002000000000000000000000000000000000000000000000000000000002

20000000000002000000002000000000020000334455666666651443100000000002000000000020200000000020000000000000000000000000000000000000

00000000000000000000002020000000000000334455666266615141302000000000000000000000220000000000020000000000000020000002000000000000

00000000200000000000000000000000000000324255666666155243100000000000000000020000000000000000000002000000000000002000200000000000

00000000002000000000000200000000000000324455666661615441310000000000000000000000000000000000000000200000002000000000000002000000

00000002200000000000000000000000000000334255555515551413301000000000000000220000000200000000000000000000000000000000000000000000

00000000000000000020000000000000000000234425555151515441310000000000000200000020000000020000000000000002000000000000002000000000

00000000000000000000000000000000000000334444441444441413301000000000000000000000000000000000000000000000000000000000000000000000

00000000000000000000000000000000002000334444414124414441310100000000333333333333333333300000020000000000000002200000000000000000

00000000000000000000020000000000000000333333133313131313300010000000323333333333333333300000000000000200000200000000000000000000

00000200000000000020000000002000000000333331333133323331320000000002334444444444442443300000000200000000000200000000000000000020

00000000000000000000000000002000000000000002001000000010000000000000334444444444444443300020000000000000000000000002000000000000

00000000000000000000000000000000000000000000010100000001000002000000334455555555555443300000000000000000000000000002000000000000

00000000000000000020000002000000000000000000100020000010100000000000334455555555555443300000000000000000000020200000000200000000

00020000000000000000000000200000020000000001000000002100010000000000334255666666655443300000200000000000000000000000000200000000

00003323323323333333333000000000000000000010000000001010102002000000334455666666625443300000000000000000000000000000000000000000

00002333333333333333333000020000000000000101000000010000000000000020334452666666655443200000000000000000000002000000000000000000

00003344444444444444233000000000000000001000100000101000000000000022334255666666655443300000000000000002000000000000000000000000

00003344444444444444433000000000000000010101000000000000000000000200334455666666655443300000000000000000000000000000000002000000

00003244555555555554433000000000000000100000100000000000000200000000334455666666655443300002000002000000000000000000000000200020

00003344555555555554433000002000000021010021000000000200000000000000334455666666655243300000000000000000000000000002000000002000

00003344556666666554433000000000000010000000100020000000000000000000334455555555555443200200200000000000000000000200000200000202

00203342556666666554433000000000000001000001000000200000000000000000334455555555555443300000000000000000000000020000000000020200

00003344552666662554233000000000000000100010102000000000000000000220334224444444444443300000000000000000000000000000000000000200

00003344556666662554433200000020000021010100000000000000000000000000334444444444444423300000000000000000000000000020000000000000

00003344552666666554433000200000000010000020000000000000002000000000323333333333333333300000200002000000000000000020000000000000

00003344556666666554433000000000000201000000000000000000020000000000332333333323333333300000000000020000000000000000000000000000

00003344256666666554433000000000000200100000000000000000020000020000000200000000000000000020000000200000200000000200000000000000

00003344555555525554433000020000000021000020000000000000000000000000000000000000000000000020002000000200000000000000000002000000

00003344552555555524433000000000000000100000000000000000000000000000000000000000000000000000000000000000000200000200000000000000

00203344444442444444433000000000000001020000000000002000000000000000000002000000000000000000000020000020000000020000000000000000

00003344444444444444433000000000000012000002000000000000000000000000020000000000000000000000000000000000000000000200000002020002

00003333333333333333333000000000000101000000000000022000000000000000000000000000000000000000000002000000000000002000000000000000

00003333333333333333333000002000001000100000000000000000000000000000000000000000000000000020000000000000000000000000000000000000

00000002000000020000000022000000000000010000000000002020000000000000000000000000200020000000000000000000000000000000000000000000

00000000000000000002000000000000000000100000020000000000000220000000000000000000000000000000000000000000000000200000000000000000

00000000000000000000000000200000000001000000002000000000000200000002200000000000000002000000000200000000000000000000000200000000

00000000000000200000000000000000000000100000200000000000000000000000002000000000000000000000200000000000000000000000000000000000

00000000000000000000000000000000000001000000000000000000000000000000020000200000000000000000000000000000000000000000000000000000

20000000000000000000000000000002000010120200000000000000000000000000000000000000000000000000000200000000000000000000000000200000

00000000000000002000000000000000000100010000000000000000000000000000000000000000000000000000000000000000002000000000000000000000

00000000000000000002000000020000001000101000000000000000000000000200000000000002000000000000000200000000000200000200000000000000

00000000220000020000000000000000010000000100000000000000000000000000000020000020000000000000000000000000000000000000000000000000

00000200000000000000200000000000102200001010002000000000000000000000000000000200000000000000000020000000000000000000000000000200

00002000000200000000200000000020000000002001020000000000000020000000000020000000000000000000000000000000000000000000000000000020

00000000200000000200000000000000000000000010000000002002200000000000000000022000000000000000002000020000000000000000000000000000

00000020000000000000000000000000200000000001000000000000000000000000000000000000000000000000000000000000020000000000000000020000

00000000000000202000220000000200000000000010120200000000000000000000000000000000000020000000000002000000000000000000000020000000

00002002000000000000000000000000200020000200010000000000000000000000002000000000000000000000200000002000000000000002020000000020

00000000000000000000000020000000000000000000121000000000000000002000000000000000000000020000200002000200000000020000000000000000

00000000000000020000000000000000000020000001200000000002020000020000000000000000000020000002000000000000000020000000000000020000

00000000000002000000000000000000000000000010100000000000000000000200200000002000000020000000000000000000000000000200000000000000

00000000000000000000000000000000000000000100210000000000000000000000000000000002000000002000000220200000000000000200000000000000

02000000000000000000000002000000000000201000100220000000000000000000000002000000200000000000000000000000002000000000002000200000

00000000000000000000000000000000000000000102010000000200000000002000000200000000000000000000000000000000002000000000000000000000

00000200000000000000000000000000000000021000000002000000000000000000000200000000000000000000000200000000000000000000000000000000

00000000002020000022000000000000000000010100000000000000000000000200020000002000000000000000000000000000000000000000000000000000

00000020202000000002000000002020000000100010000000000000000000000000000000000000000200000000000000000000000000000000020000000200

00000020000000020000000000000000200001000001000000000000000000000000000000000000000000000000000000000000000000000000000000200000

00000000000000000000000200000000000010002000000000000000002000000002000020000000000000000000000000000000000020000000000000000020

00000000000000200000000000000202000001000000000000002000000000000000000000000000000000000000000000000000000000000000000000000000

00000000000000000000000000000000000210000000002000000000000000000000000000000000000000000000000000200200020000000000000000000000

00000000000002000002000000000000000001202000000002000000000000200000020000002000000000000000000000200002000200000000000000000000

00002000000200000000200002000000000200102000000000020000000000222000000000000000000000000000000000000000000000000000000000000000

00000000000000000000000000000020000001000000220000020000000000000000000000000000020000000000000000000200002000000000000000000200

00000000000000000002000000000000000210000000000000000000000000000000000000000000022000000000000000000200000000000000000000020000

00000000020000000000000000000000000100000000000000000000000000000000000000000000000000000000000020000200000033333333322333333330

00000200000000202000000000000000021010000000000000000000000000000000000000000000000000000000020000000000000033332333333233333330

00000020000000000022002000002000200001000000000000000222200000000000000000000000000000000000000000000000000033444444444424244330

00000000000000000000002000000000000000102000000002000000000000000000000000000000000020000000000000000020022033444444424444444330

00000000000000002000000000002002000001000000000002000200000000000000000000000000000000000000000000000000000033425555555555544330

00000000000000002000020000000000200000100220200000000000000000200000020000000000000000000000000000000000000033445555555555524330

00000000000000000000000000220220000002010000000000020000000000000000000000000000020000000000000000000000000032425566666665544330

20000000000000000000000000000000000000000000000000000000000000000200000000000000000000002002002000000000000033445262666665544330

00000000000000000000000000000000200000000000000200000000020000000000000000000000000000000020002000000000000233445566666665544330
