00000000000000000000000000000000000000000000000000000000000000001000000000000000000000000003344556266666554433000000000200020000
00000000000020000000000000000002000000000000000000000000000000000000000000000000000000000003344556666666224433000000000000000000
02000000020200000000000000000000000000000000000000000000000000000000000000000000000000000003344556666666554433000000000020020000
00000000000000000000000000002000000000000000000000000000000000000000000000000000000000000003344256666666554433000002220000000000
00000200033233333333333333330000000000000000000000000000020200000000000000200000000000020003344556666666554423000000000002000000
00000000033333333333333333330000200000000000000000000000200033333333333333333330000000000003344556666666554433000000000000000000
00000000033444444444444444330000000020000000000000000000000033333333333333333330000000000003244555552555554433000000000000000020
00220000033444444444444444230000000000000000000000000000000033444444442444444330000000000003344555555555554423000000000000000000
00000000023445555555555544320000000000000000000000000000000033444444444444444330000000000023344444444444424433000000000000000000
00200000033445555555555544330202000200000000002000020000000033445555555555544330000000000003344444444224444433000000000000000020
00000000033445566666665544330000000002000000000000000020000033445555555555544330000000000003333333333333333233000000000000000200
00000000033445566666665544330000000020000000000000000000000033445566666665544230000000000003333333333333333323002000000000000000
00000000033445566266665544330000000000000000000000000000000033445566666665544330000000000000000000000000000000000000000000000000
02200000033445566666665544330200000000000000000000000000000033445526666665544330000000020000000000000000000000000000000002000000
00000000033445566666665544330000020000000000020000000000000033445566666665544330000000000000002000000000000000000000002000000000
00000000033445566626625544330000000000000000000000000000002033445566666665544330000000020000000000000000000000000002002000000000
00000000033442566666625544330000000000000000000002000000000033445566666665542230000000002000000000000000000000000000002000000000
00000002033445555555525544230000020000000020000000000000000033445566666665544332000000000200000000000000000000000020000000000000
00000200033445555555555544330000000000000000000000000020200233445555555555544330000020200000000000000020000000000000000200000000
00002000033444444444444424330000002020000000002000000000000033445555555555544330000000000000020000000000000000000000000000000000
00000000033444442444444444330200000000000000000000000000000033444442444444444330000000000000000000000000000220000000000000000000
00000000233333333333333333330000000000000020000000000000000033442444444444444330000000000000000000000000000200000000000000000000
00000000033333333333333333330000000000000000000000000000000033333333333322332330000000000000000020000000000002000000000000000000
00000000000000000000000000000000020002000000002200000020000033333333333333333330200000000002020000002000000000000000000000020000
00000000000000000000000000000020000000000000000000020000000000000000000020000000020000000000000000000000000000000000000000002000
00000000000000000002000000000000000000000000000020000000000000000000000000000000000020000000000002000000000000200000000020000000
00000000000000002000000000000000000000000002000000000000000000000000000000000000000000000000000000000200000000000000033333333333
02002000000000000000000000000000020000000000000000000000000002000000000000000020000000000000000000000000000000002000033323333333
00000000000000000000000000000000000000020020000002000000000000000000000000000000000000000000000000000000000000000000033444244442
00000000000000000000000000020000000200002200000000000000000000000000000020000000000000000000000000000000000000000000033444444444
20000000000200000000000000200000000000200000000000000200020000002000000000000000000000020000000000000000000000000000033445555555
00000000000000000000000000000000002000000000020020000000000002000000000000000000000000000000000200000020000000000000033445555555
00000000002220000000000020000000000000200000000002000000000002000002000000000000000000000000000000000000000000000000033445566666
00000000000020000000020000020000000000000000000220020000002000020000200000000000000000000020200022220000200000200000033445566666
00000000002000000002002000200000000000000000000000002000000220000000000000000000000000000000000000000000000022000000033445566666
00200000200000000000020000000000000000000000000000000000000020000002200000000000000000000000000000000000000020000000033445522666
00000000000000000000000000000000000000000000000000000000000000002000000000020000000000000000000000000000000000000000033445566666
00000000000000000000000000020000000000000000000000000000000000000000000000000000000002000000200000000000000002000000033445566666
00000000000200002000000000000000000000200000000000000020000000000000000000000002002002000000000000000000000000000000033245566666
00020000000000000000000000000000000000000000200000200020200000000000000000200000000020000000000000000000000000000000033445555525
00000000000020000000000020020000000000002000000000000000000000002000002000000000000000000000000000000000000000000000033445555555
00000000000000000000000000000000000000000000000002000000000000000000000000000020000000000000020000000000200000200000033444444444
00000200000000000000000000000000000000000000000000000000000000000000000000000000002000000202000000000020000000000020033444444444
00000000000000000000000000002000000002000000000002000000200200000000000000000000000000000000000000000000020000020000033333333333
00000000000000000000000002000000000000000000200000000020000000000000000000020000020000020000000000000020000000000000033333333332
00020000000000000000000020000000000000000000000000000000000000000000002000000000000000000000000020000000000002000000000000000000
00000000000000000020000000000000000000000000000000002000002000000000200000000000000000000000000000000000000020000000000000000020
00000000000000000000000000000000000002000020000020000000002000020000020000000000000000000000000000000000000000000002000000000000
20000200002000000000000000000000000000000000000000020000000000002000000000200000200000000000002000000000000000000000000000000000
00002020000000002020000000000000000020000000200000000000000000000000000000000000000000000000000000020000000000000000000000200000
00000002000000000000000000000000000000000000002000000002000000000000000000000000000200000000000000000000000000000000000000200000
00000020000000000002000000000000000000000000000000000000200000000000002000000000200002000000000000000200020000200000020000000000
00200000002002000000200000000000000000000000000000000002000000020000000000200000000000000000000000000000000000002000000000200020
00000000000000000020000000000000000000000000200000000000000000000002000200002000000000000000200000000000000000020000000000000000
00000000000000002020000002000000000000000000000000000000000000002000000020000000000000000000000000020000000000200000000000000000
20000000000000000000000000200000000000000000000000000000000020000000000002000000000020000000000000000000000000000200000000200000
00000000200000000000000020000000000020020000000000000000002000000000000000000000000000000000000000000020000002000000020000000000
20000000000000200022000000000000000002000000000000000000000000000000000000020000000000000200000000000000000000000000000000000000
00000000000000000020000000000000000000000000000000200000000000200000000020200000000002000200000000000000000000000000002000000000
00000000000000000000000020000000200000000000000000020000000000000000000200020000000000000000000000000000000000000000000000000000
00000000000002200000000200200002000000000000000000000020020020000000000000000000000000000000000000002000000000000000000020000000
00000000000000000000000000000000002000000000000000000002000000000000000000000000000020000000000000000002200002000000000000000000
00000000000000000000000000000000000200000020000002002200000000000000000000000000000000000202000000000000000000000000002000000000
00000000000000000000000000000000000000020000000000000000000000000000000000000000000000000020000000000000000000000000000000000000
00000000020000000000000002000000000000000002000000000000000000000000000000020000000000000020020000000000000000020002200000000000
00000000000000000000000000000020002200000000002000000000000000000000000020000000000000000000000000000000000000002000000000000000
00000200000000200000200000000000000000000000002000000032333323333333333330000000000020000000000000000000000000000000000200000200
02000020000000000000000000000000000000000000000000000033333322333333333330000000000000000002000000200000000000000000000000000000
00000000000000000000000000000000000000000000000000000033444424424444444330000000000000000000000000000000000000000000000000020000
00000000000200000000000000000020000000200000000000000023444442244444444330000000000000000000000000000000200000000000000000000000
00000000000020000000020000000000000000000000000000000033445255255552544330000000000020000000000000000000000000000000000020000000
20000000000020000200002000200000000000002200000000000033445555555525544330000000200000000000000000000000002000000000000000000022
00020000000000000000000002000000000000000020000000200033445566666625544330000000000000000000000000000000000000000000002000000200
00000000000000002000000002000000000000000000000000002033445566666665544320000000000000000000000000000020000000000000000020000000
00000000000000000000000000020000200000000200000000000033445566666665544330000202000000000000000000000000200000000000000000000000
00000000002000000000000000000000000000000000200000000233445566666665544230000000200000000000000000000000000000200000000000000000
02000000000002000000002000000000000000022000000000000033445566666665544330000000202000200000000000000020000000000002000000000000
00000000000000000000000000000000000000000000000200000033445526666665544230000002000000200002000000002200000000000000000000000000
00000000000000000000000000000000000000000000000000000033445566666665544330000000000000000020002000000000000000000000000000000000
00000000000000000000000000000000020020000000200002000033445555555555544320220002000000000000000000000000200000000000000000000000
00000020000000002000000000000000000000000000200200000033445555555555544330000000000000000000000000020000000000000200000000000000
00000000000000000000000000000000000000000000000000000033444444444444444330000000000002000000000000000002000000000000000000000020
00200000000000000000000000000002000000002000000000020033424244444444444330000000000000000000000200000000000000000020000000000000
00000000000000200000000020000022000000000000000000000033333333333333333330020002000000020000002220000020000000000000020000000000
00000002000000000000000000000000000000200000020000200033333333333333233330000000000000000002000000000000000000000000000000000000
00000000000200000000000000000000000200000000000000000000200000000000000000000000020000002020000020000000020200200000000000000000
00000000000000200000200000000000000000002000000000000000000200000000000000000000000000000000000000000000000000000000000000002000
00000000000000000002000000000000000000000002000000000000000000000000000000000000000000000000000000000000000020000000000000000002
00020000000000002000200000000000000200000020200000000000200000000000000000000002000000000000000000000000200000000000000000000000
00020000000000020000000200000000000000000000000000000000000000000000200000000000200000000000000000000000000000000000000000000000
00000000000000000000200000000000000000200000020000000000002200000000000000000000000020000000000000000000000000000000000000000000
00000000000000000000022000000000002000000200000000000000000020000000000000000000000000000000020020000000000020002000000000000020
00000000000000000020000000200000002000000000000000000000200000000000000000000000000200000000002000000000000000000000000200000000
00000020000000000000000000000000000000000000000002000000000000000000000000000000000000000000000000000000000020000002000000020000
00000000000000000000200000000000000000000000000000000000000000000000002000000002000000000020000000000202000000000000000000000000
00000000000000000000000000002000000000000000000000000000000000000000000000000000000000000000000000000000000000000000000000000000
00000000020000000000020000020000000000000002000000000020000000000202000000000200000000000000000000000200000000000000000000000000
00000000000000000000000000000000000002000200000000000200000000000002000000000000000000000002000000000000000200000002000000020000
00000000000200000000000000000000020000000000000000000000000020020000000000000000000000000200002000000000000000020000000000000200
00000000000000000000000000020000000000000000000000000000000220000000000000000000002000020000000000020000000200000000000000000000
00000000000000200000000000000000000000020000020200000000200000000000000000020000000000000000000000002000000000000200000002000000
00200002000000200002000000000000000000000000000000000200000000000000000000002000002000000000002000002000000000000000000020200000
00000000000000000000000000000000000000000000000000000000000000000000000020002000000000000000000000000000000000000000000002000000
00000000000000020000000000000000000000000200000000000000000000000000000000000000002000000000000000000000000000000000000000000020
00000000000200000000000000000000200000000000000000000000000000000000000000000000000000200000000000020000000000000000000000000000
00002020000200000000000000000000000000000000000000000002000000000000000000000000000000000000000000000000000000002000000000000000
02000000000000000000000000000000000000000000000000000000000200000020000000000000000000000000000000000000000000000000000000000000
00000000000000000000000000020000000000000000000000000000000000000000000000000000000000000002000000000000000000000000000000020000
00000000000000000000000000000000000000000002000000000000002000000000000000000000000000002000000000000000000002000000000000000000
00000000000000000020020000000000002200000000000000000200000000000000000000020000000000000000000000002000000000000000022000000000
00000000020000000000000020000000000000000000000000200000000020000000000002000000000000002002000000200000000000000000000020200000
00000000000000000002020000000000000000222000000000000000000000000000000000000000000000000000000000000000000000002000000000000000
00000000000000000020000000000000202000000000000000000000020000000000000000000000002000000000000200000000020000000000000020000000
00020020000000000000000000020000000000000200000200000000000000000200000000000000000000000000000000000002000000000000000000000000
00200000000000000000000000000000000000000000000000000000000000000000000000000000000000200002000020000000200020000000000000000000
00002002000200020020020000020000000000000020000000020000000000000000000000000000000000000000000000000000000000000020020020000000
00000000000000000000000000000000000000000002000200200000000000000000000000000000002000000000000000000002000000000000000200002020
00000200000000000000000000000000000000000000000000000000000000000000000000020200000000000000000000000000200000000000000000000020
00000000000000000000000000000000000000000000000000000000002000000000002000020000000000000000000000000000000000000000200000000000
00000000020000000000000000000000020000000000000000000000000000000000000000000000000000000000000000000000002000000000000002000000
00000000000000000000000000000000000000000000000000000200000000000000000000000000002000002000000000000000000000000000000202000000
00000000000200000000000000000000000000000000000000200000000000000000000000000000000000000200000000000020000000000000000200000000
00000000000000000000000000002000000000000000000000000000000000000200000000020000000000000000000000000000000000020200000000000000
20000000000000020000000000000002000200000000000000020000000002000000000002000000000000000200200000000000000000000000000000000000
00000000000000000200000000000000002000020000000000000000020000000000020000000000000000200000000000000000000000000000000000000000
00000020000200000000022000000000000000000000002200000000002000000000000000000000000200000000000000000000000000000000000000000000
20000000000000000000000000000020000200000000000000000000000000000000000000000000000000000200002200002020002000000000000000000000
00000000000000000000002000020000020000000000000000000000000000000000000000000000000000000000000000000020000000020000000000000000

00000000000020000000000000000002000000000000000000000000000000010000000000000000000000000003344556666666224433000000000000000000

02000000020200000000000000000000000000000000000000000000000000101000000000000000000000000003344556666666554433000000000020020000

00000000000000000000000000002000000000000000000000000000000001000100000000000000000000000003344256666666554433000002220000000000

00000200033233333333333333330000000000000000000000000000020210001010000000200000000000020003344556666666554423000000000002000000

00000000033333333333333333330000200000000000000000000000200131313331333333333330000000000003344556666666554433000000000000000000

00000000033444444444444444330000000020000000000000000000001033331313133333333330000000000003244555552555554433000000000000000020

00220000033444444444444444230000000000000000000000000000000133414444412444444330000000000003344555555555554423000000000000000000

00000000023445555555555544320000000000000000000000000000000013141444141444444330000000000023344444444444424433000000000000000000

00200000033445555555555544330202000200000000002000020000000133445151555155544330000000000003344444444224444433000000000000000020

00000000033445566666665544330000000002000000000000000020001013441555151515544330000000000003333333333333333233000000000000000200

00000000033445566666665544330000000020000000000000000000010031415161666661544230000000000003333333333333333323002000000000000000

00000000033445566266665544330000000000000000000000000000101013445566166615144330000000000000000000000000000000000000000000000000

02200000033445566666665544330200000000000000000000000001000031445521616165514330000000020000000000000000000000000000000002000000

00000000033445566666665544330000020000000000020000000010100013145516666615141330000000000000002000000000000000000000002000000000

00000000033445566626625544330000000000000000000000000000012133415161666165544130000000020000000000000000000000000002002000000000

00000000033442566666625544330000000000000000000002000000000033445566161615542210000000002000000000000000000000000000002000000000

00000002033445555555525544230000020000000020000000000000000033445561666661544332000000000200000000000000000000000020000000000000

00000200033445555555555544330000000000000000000000000020200233445515155515144330000020200000000000000020000000000000000200000000

00002000033444444444444424330000002020000000002000000000000033445155515155514330000000000000020000000000000000000000000000000000

00000000033444442444444444330200000000000000000000000000000033441412144414141330000000000000000000000000000220000000000000000000

00000000233333333333333333330000000000000020000000000000000033412444414144444130000000000000000000000000000200000000000000000000

00000000033333333333333333330000000000000000000000000000000033131333133322332310000000000000000020000000000002000000000000000000

00000000000000000000000000000000020002000000002200000020000031333133313333333331200000000002020000002000000000000000000000020000

00000000000000000000000000000020000000000000000000020000000010100010100020000010120000000000000000000000000000000000000000002000

00000000000000000002000000000000000000000000000020000000000100010100010000000100000020000000000002000000000000200000000020000000

00000000000000002000000000000000000000000002000000000000000000100000100000000000000000000000000000000200000000000000033333333333

02002000000000000000000000000000020000000000000000000000000002010001010000000020000000000000000000000000000000002000033323333333

00000000000000000000000000000000000000020020000002000000000000001010001000000000000000000000000000000000000000000000033444244442

00000000000000000000000000020000000200002200000000000000000000000001000020000000000000000000000000000000000000000000033444444444

20000000000200000000000000200000000000200000000000000200020000002010000000000000000000020000000000000000000000000000033445555555

00000000000000000000000000000000002000000000020020000000000002000001000000000000000000000000000200000020000000000000033445555555

00000000002220000000000020000000000000200000000002000000000002000012000000000000000000000000000000000000000000000000033445566666

00000000000020000000020000020000000000000000000220020000002000020101200000000000000000000020200022220000200000200000033445566666

00000000002000000002002000200000000000000000000000002000000220000000100000000000000000000000000000000000000022000000033445566666

00200000200000000000020000000000000000000000000000000000000020000002200000000000000000000000000000000000000020000000033445522666

00000000000000000000000000000000000000000000000000000000000000002000000000020000000000000000000000000000000000000000033445566666
