00000000000000333333333333333332200003344556666666554433000000001000000002000000020000020000000000000000033445555555555544330000
00000000000000333323333333333333300003344526666666554433000002000000000000000000000000000000000000000000033445555555255542330000
00000200000000334444244444444443300003344556626666554433000000000000000000000000000200000000002000000020033445266666665544330000
00000000000000334444244444442443300003344256666666554433000000000002000000000000200000000000000000020000032445566666665544330000
02000000000000334455525555555443300003342556666626554433000000000000000000000000000002000000000000000000033445566262662524330000
00000000000000334455555255555443300003344556666666554433000000000000000000002000000000000000000000000000032445566666665542330000
00000000000000234455666666655443300003344556662666554432000000000000000000200020200000000000000000000000033445566666665544330000
20000200000000334455666666655423300003342555555555554433020000000000000000000000000000000000000200000000033445526666665544320000
00000000000000334455666666655443300003244555255525554433002000000000000000000000000000200220000000000000033445566666666254433333
22000000000000334425666666655443320003342442444244444433000000000200000000200002000000000000000000000000033445555555226655443333
00000000000002334455666666655443300003344424444444444433200000000000000000000000000002000000020000000000032445555525555665544444
00002000000000334455666666655442300002333244444444444443333300000000200000002000000000000000000000002020033442444444445566554444
00000000000220334455666666255443300003333344444444444444333303333333333333333333000200000000000000000000033444444444444556655555
00000000002000334455555255555243300000000334444444444444443303333333333333333333000000000000000000000000033332333333334455665555
00000000000020334455555555555443300000000334424442444444443303344444444244444433000000000000000000000000033233333333333445566666
00000000000000332444444442444443300200000334425555555555423303344444444424444433000200000200000000000000000000000000003344552666
00000000000000334444444444444443300000020334455255555555443303344555555555554433000000000200000200000000000000000000003344556666
00000000200000333333333333333333300000000334455662666655243203344555255555524423000000000000000000000000000000000000003344556666
00000000000000333333333333323333200000002334455666666625443303344556626666554433000000000000000000000000000000000000003344526666
00000000000000000000000000000000000000000334455662662655442302344526666666554433000000000000000000000000000000000000003344556666
00000000000000200000000000000000200000002334455666666655443303344552666666554433000000000000000200000000200000000000203344556666
00000000000000000200000000000000000002000334455666666655443303324556666662554433000002000000000000200000000000000000003344555555
00200000000000000000002000000000000000000334425666666655443303344556666666554433000003333233333233333333000000200000003344555555
00000000000000000000002000000000000000000334455666666655443303344556626666625443333333443333333333333333000000000002023344444444
20000020200000002022200020020000000000000334455555555555443203344556666666665544333334444444444444444433000000000000003344444444
02000002000000000000000000000000200020000334455555555555443303344555566266666554444444444244444444444233000000000000003333333333
00000000020000000000000000000000000000000334444444444444443302344555556666666255444455555555556666665543333333333000003332333332
20002000000000000000000000000000200000000334444444444444443303244444255666662665555525555666666626666624333333333002000002000000
00020000000000000000000200000000000200020333333333333333333303344244445566266666555555266666666662666654444444433000000000000000
00000020000020000000000000000000000000000333333333333333333303333333344556666266625555666666666666666665444444433000000000000000
20000000000000000000000000200000000200000000000000000000000003333333324455666666625555666666666666666665555554433000000000000000
00020000000000000020000000000000000000000000000000000000000000000000033445266666665555666666666666666666555554433000000000000000
00002020000000000000000000000002000002000000000000000020000000000020033445566666665555666666226666626266666554433000000000000000
02000000000000000000000000000000000020000000000000000000000000000000033445566666665555666666666666666666666654433000020020000000
00000000020000000000002000000000020000000020000000000000000000000002033445522666665555666666666666666666666654433000000000000000
00002000000000000000000000000000000020000000000000000000000000000020033442566666665555666666666666666666666654433000000000000020
00000000000000000000002000000020000000000000000200000000000200000000033445555555555555666666666666666666666654433000000000000000
02000000000000000000020000000020220000000000000000000002000000000000033445555555255555666266666666662666666654433000000000000000
00000022000000000000002000002200000000000200000000000000000000000000033444444444444455666666666666666666666654433000000000200000
00000000000000000000000000000000000002020000000002000000000000000200233444444444444445666626666666666666666654433000000000000000
00000000000000000000000000000000000000000000000200002002000000000000033333333333333345555526666666666666666654432000000200000020
00000000000000000000000000000000000000000000200000000000000000000000023333333333333334454455666666666666666554433000000000000000
00220220000000000000000000020000000000000020000000000000000002000000000000200000000033444445566626622666665544433002000002000000
00000000000000000002000000000000000000000000000000000000000200020000000000002000000033333344556666666666255443333000000000000000
00020020002020000020002000000000000000002002000000000000200000000020000000000000000033333334456666666666554433333000000000000200
00000000000000000000000000000000002020000000000000000000000000000002002000020000000000000033425566666665544330000000000000000000
00000000000000000020000000000222000000000000000000002000002000000000000000000000000000000033445555525555544330200000002020000000
00000000003333333332333333333000000000000000000000000020000000000002000000000000200000000033445555555555544330000000000000000000
00000000003323333333333333333000020000000000000000000000000000200000000000002000000000000033442444444444444330000020000000000000
00000000023344444444442444443233000000200000200000000000000000000000000000000000000200000233444444444444444330000000000000000020
00200000003345555555552555544333000000000000002000000000200002000000020000000000002000000033332333333333333330000000000000000000
00000000023345666266662666554433000000000002000000020000200000000000000000000000000000000033333333333233333320000000200000000000
00000000003345666666666666655433000000000000000000000000000000000000020000000000020000000000200000000000000000000200020000000000
00000000003345266662666666665433000000000000002000000020000000000000000000000000000000000000200000000000200000002000000000000000
20000020003345662666626666665433000000000000000000000000000000000000000000000000000000020000000000000000000000000000000000000000
00000000003345666666666266665433000002000000000000000002200200000200200000000000000000000000000000000000000000000002020000000000
20000000003345662662666666665433000000020000000000200000000000000000000000000000000000000000000000000000000000000000020000000000
02000000002345666666666666665433000000000000200000002333333333333333333300000000000000000000000000000000000000000000000000000000
00000020003245666666666666665433000000000000000000000323333333333333333300000000200000000000000002000000000000000000000000000000
00000000003345666666666666265433000000000000000000002334444444444444423300000000000000000000000000000202000000000000000000000000
00000000003345666666666666665433000000000000000000000334444444444444443300020000200000000000000000000000000002000202200000000000
00000200002345666666666666665433000000000000000000020334452555555555443300000000000000002000000000000000000020000220002000000020
00000002003345266262666666265223000000000002000200200324455555555555443300000000000000000000020000000000200000000000020002002000
00000000023344556666666666665433000000000020002000000334455666666655443300000000000000000000020000000000000020000000000002000000
00000000003334455555555555555433000000002000000000000334455666666655443300000000000020000002000000000000000000000000000000000000
00220000003323444442444444444433000000000000000000000334455666666655443300220000000000000000000000020002000000000000002000200000
00000000000003333233333333333333000000020000000000000234455666666655443300000000000000000000000000020000200000000000000000000000
00000000000003333333333333333333000000000000000000000334455666666655443300200000000000000000000020000000000000000000000000000000
00000000000000200000000000000020000000000002000000000334455666666655443300000000000000000000000000000000000000002000000000000000
00000000200000000000000000000000000000000000000020000334455662666655443300000000000000000000020000000000000000200000200000000022
00000000000000000000200000000200000000000000000200000334455555555555443300000200000000000000000000000000200000200200000000000000
00000020000000000000000000000000000000000000000000000334455255552555443300002020000000000000000000000000000000000000000000020002
00000000000000000000000200000000000000000000000000020334444444444444443300002000000000000000000000000000000000000000002000000020
00000000000000000000000020000000000000000000000000000334444444444444443300000000000000000200000020000000002200000000002000000000
00000000020000000000000000000000000000000000000000000333333333333333333300000000000000000000000000000000000000000000000000000000
00000000000020000000000000000000002000000000000000000333333333333333333300200000000000000000000000000000000000000000000000000000
00000000200000000000000000000000000000002000000000200000000200000000000000000000000000020000000000000000000020000000002020000000
00000020000000000000000000000020000000000000200000000000000000000000000000000000000000000000000000000000000002000000000000000000
02000000000000000000000000000000200000000000000000022000000000000000000020000020000000000000000200020000000000000000000002000000
00000000000000000000000000000000000000000000000000000000000000020000000000000000000000000000000000000000002000000000000000000000
00000000000000000000000000000200000000000000000000000000202000000000000000000000000200002000333333333333333333300000000000000000
00020000000002000000000000000000002000000000000020002000000000000000000000000000000002000000333333333333333333300000000000200000
00000000000020000000000000000000000000000000000200000000000002020002000000000000200000000000334444444444444443300002000000000000
00000000000000000200000020000000200000000002000000000000000000000000000000000000000033333333344555555554444442300000000000000000
00000020000000000000000000000200000000000000000000000000000200000000000000000000000233333333445566666655555443300000000000000000
02000000000000000000000000000000000000000000000002200000000000220000022000200000000023444424455666666665555443300000000000000000
00000202000000000000000000000000000000000000000000000000000000020002000000000000000032444444556666666666655443300002000000000000
00000000000000000000000000000000000020000000000000000000000000000000020000000000000033445555566666666626255442300000000000000000
00000000002000000000000000000000000020000000000000020000000000020000000020000000200033445555666666666666655443200000200000000000
00020000220000000000000000000000000000000000000020000000020000000000000000200000000033445566666666666666625443300000000000000000
00000000000000000200000000000000000000000000020022200020000000000000000000000000000033442566666666626666255443322000002200002000
00202020000000000000000000000000000000200000200000000020200000000000000000000000000233445566666266662666655443200000000000000000
00000000002000000000000000000000000000000000000020000000000200020000000000000000003334455666666666666666655443300000000000000000
00000000000000000000000000000002000000000000020000000000000000000000000000000000003344556666666666666265555443300000000200000000
00000000000002000000000000000000000220200000000000000000000000002000000000000000003345566266666666626655555443300000000000000000
00002020000000000000000000000000002020000020200000000000000000000000000020000000023345666666666662666554444442302020000000200000
00000000000000000000000000000000000000000000000000000000000000000000000000002000003345666666666666666544244243300000000000000000
00000200000000000200000000200000000000000000220020000000000000000000000000000000003345666666666666665443233333300000002000000000
00000000000000000000000000002000000000000000200000000000000000000000000200000000003325666666666666625432233333300020000000000000
23333333333320000000000000000000000000000000000000000000000000000000000020000000003345666666666666554330000002000000000000000000
33233333233330200000000002000000000000000000000000000000000000000000000000000000003345666666666665544330000000002000000000000000
44444444444333333333333333333333202000000000000000000000000200000000000000002000003345566666666655443330000000000000000000022000
44444444444333333333333333333333000002000000000000000000000002000000000002000000003344556666666554433000000000002000000000000000
55552555544333344444444444444433000002000000000000020020000000000000000000000000003342256666666554433000000000000200200000200000
52555666554433445555255544444433020000000020003323333333333333333000000002000000003344556266666554433000000000002000000000200000
66666666652444455226662555554433200000000002003323333333333333333200000020000000003244555555555554423000000000000000000000000000
66666666665544556666626655554433000000000000203344444444444444433002000000202000003344555555555554433000000002020000000000000000
66666266666552566666666626554433000000000002003344444444444444433000000000000000003244444444444444433000000000000000002000200000
66666666666655666666666666554432000000000000003344555255555554433000000002000000003344444444442444433000000000000000000000000000
22666626666666666666666666554433000203333333333445566666555554433000000000000000003333333333333333323000020000000000000000000000
66666666666666666666666666554433000003333333334455666666666524433000000200020000022333333333333333233000000000000000002000000000
66666666626666666666666666554433000003344444444556666666666554233000000000000000000000000200000000000000000000020000000000000000
55525666666666666666666666554433000003324424445566662666666254433200000000000000200202000000000000000020000200000000000000000000
55555566666666666666666666554433000003344525555666666666666554433200000200000000000000000000000000000000000000002000000220000000
44444556666666666666666655554433000003342525556666666666666554433200000000002202000000000033233333333333333330000020002000000000
44444256666666666266266555554433000003244556666666666266666554433000000002000000000000000033333333333333333330000000000000000000
33234556666666666666666544444433000003344556666666666666666554433000000002000000000000000033444442444444442330000000000000000000
33234566666626666666625444422433000003344556266666666662555554433000020000000000000000020033424444444444444330200000000000000002
03334566666666666266665432323333000003344556666666666665555554433200000002000000000000000033445555555555544330020000000000000000
03344566666666666666654333333333000002344556666666666655444444233000000020000000000000002233445555552555542332000000000000000000
03342666666266666666554300000000000003342556666666666554444444233000000000000000000000200233445566666665544330000022000000000000
03345666666666626666544300000000000003344556666666665544333333333000000000000000000000000033445566666665544330000020000000000020
03345666666666666665443300000000000023344555556666655443333333333000000000000000000000000033445526666665544330200000000000000000
03345666666666666665433000000020000003324555555555552433020000000000000020000000000000000032445566666665544330000200000022002000
03345666666666662265433000002000000003344444444444444433000000000002000000000000000000000233445562666665544330000200000000020000
03345666666666666265433000000000002003344444444444444433000000200200000000200000000002000032245566666665544330020000000000000000
03245666662666666665433200000000000003333333333333333333000002000000000000000000000000000033445566666665544330200000000000000000
03245666666666666665433000000000000003333333333333333333000000000000000000000002000000000033445555255555544330000000000000000000

00000000000000333323333333333333300003344526666666554433000002000100000000000000000000000000000000000000033445555555255542330000

00000200000000334444244444444443300003344556626666554433000000001010000000000000000200000000002000000020033445266666665544330000

00000000000000334444244444442443300003344256666666554433000000010002000000000000200000000000000000020000032445566666665544330000

02000000000000334455525555555443300003342556666626554433000000101000000000000000000002000000000000000000033445566262662524330000

00000000000000334455555255555443300003344556666666554433000001000100000000002000000000000000000000000000032445566666665542330000

00000000000000234455666666655443300003344556662666554432000000101010000000200020200000000000000000000000033445566666665544330000

20000200000000334455666666655423300003342555555555554433020001000001000000000000000000000000000200000000033445526666665544320000

00000000000000334455666666655443300003244555255525554433002010100000100000000000000000200220000000000000033445566666666254433333

22000000000000334425666666655443320003342442444244444433000000010201010000200002000000000000000000000000033445555555226655443333

00000000000002334455666666655443300003344424444444444433200000100000001000000000000002000000020000000000032445555525555665544444

00002000000000334455666666655442300002333244444444444443333300000000200100002000000000000000000000002020033442444444445566554444

00000000000220334455666666255443300003333344444444444444333303333333331333333333000200000000000000000000033444444444444556655555

00000000002000334455555255555243300000000334444444444444443303333333313133333333000000000000000000000000033332333333334455665555

00000000000020334455555555555443300000000334424442444444443303344444144214444433000000000000000000000000033233333333333445566666

00000000000000332444444442444443300200000334425555555555423303344441414121444433000200000200000000000000000000000000003344552666

00000000000000334444444444444443300000020334455255555555443303344515555555154433000000000200000200000000000000000000003344556666

00000000200000333333333333333333300000000334455662666655243203344151255551524423000000000000000000000000000000000000003344556666

00000000000000333333333333323333200000002334455666666625443303341556126616554433000000000000000000000000000000000000003344526666

00000000000000000000000000000000000000000334455662662655442302314121616161554433000000000000000000000000000000000000003344556666

00000000000000200000000000000000200000002334455666666655443303344552666666154433000000000000000200000000200000000000203344556666

00000000000000000200000000000000000002000334455666666655443303324556666662514433000002000000000000200000000000000000003344555555

00200000000000000000002000000000000000000334425666666655443303344556666666551433000003333233333233333333000000200000003344555555

00000000000000000000002000000000000000000334455666666655443303344556626666625143333333443333333333333333000000000002023344444444

20000020200000002022200020020000000000000334455555555555443203344556666666665514333334444444444444444433000000000000003344444444

02000002000000000000000000000000200020000334455555555555443303344555566266666151444444444244444444444233000000000000003333333333

00000000020000000000000000000000000000000334444444444444443302344555556666661255144455555555556666665543333333333000003332333332

20002000000000000000000000000000200000000334444444444444443303244444255666612161515525555666666626666624333333333002000002000000

00020000000000000000000200000000000200020333333333333333333303344244445566266666551555266666666662666654444444433000000000000000

00000020000020000000000000000000000000000333333333333333333303333333344556666266625155666666666666666665444444433000000000000000

20000000000000000000000000200000000200000000000000000000000003333333324455666666625515666666666666666665555554433000000000000000

00020000000000000020000000000000000000000000000000000000000000000000033445266666665151666666666666666666555554433000000000000000

00002020000000000000000000000002000002000000000000000020000000000020033445566666661555166666226666626266666554433000000000000000

02000000000000000000000000000000000020000000000000000000000000000000033445566666615151616666666666666666666654433000020020000000

00000000020000000000002000000000020000000020000000000000000000000002033445522666165555661666666666666666666654433000000000000000

00002000000000000000000000000000000020000000000000000000000000000020033442566661615555616166666666666666666654433000000000000020

00000000000000000000002000000020000000000000000200000000000200000000033445555515551555166616666666666666666654433000000000000000

02000000000000000000020000000020220000000000000000000002000000000000033445555151215151616261666666662666666654433000000000000000

00000022000000000000002000002200000000000200000000000000000000000000033444441444444455666666166666666666666654433000000000200000

00000000000000000000000000000000000002020000000002000000000000000200233444414144444445666621616666666666666654433000000000000000

00000000000000000000000000000000000000000000000200002002000000000000033333133313333345555526661666666666666654432000000200000020

00000000000000000000000000000000000000000000200000000000000000000000023331313131333334454455616166666666666554433000000000000000

00220220000000000000000000020000000000000020000000000000000002000000000010200000100033444445166626622666665544433002000002000000

00000000000000000002000000000000000000000000000000000000000200020000000000002000010033333341516666666666255443333000000000000000

00020020002020000020002000000000000000002002000000000000200000000020000000000000101033333314451666666666554433333000000000000200

00000000000000000000000000000000002020000000000000000000000000000002002000020001000000000131425166666665544330000000000000000000

00000000000000000020000000000222000000000000000000002000002000000000000000000000100000001033445515525555544330200000002020000000

00000000003333333332333333333000000000000000000000000020000000000002000000000000210000010033445151555555544330000000000000000000

00000000003323333333333333333000020000000000000000000000000000200000000000002000100000101033442444144444444330000020000000000000

00000000023344444444442444443233000000200000200000000000000000000000000000000000010201000233444441414444444330000000000000000020

00200000003345555555552555544333000000000000002000000000200002000000020000000000102000100033332313333333333330000000000000000000

00000000023345666266662666554433000000000002000000020000200000000000000000000001000001010033333333333233333320000000200000000000

00000000003345666666666666655433000000000000000000000000000000000000020000000010020010001000200000000000000000000200020000000000

00000000003345266662666666665433000000000000002000000020000000000000000000000101000100010100200000000000200000002000000000000000

20000020003345662666626666665433000000000000000000000000000000000000000000001000101000120010000000000000000000000000000000000000

00000000003345666666666266665433000002000000000000000002200200000200200000010100000101010101000000000000000000000002020000000000

20000000003345662662666666665433000000020000000000200000000000000000000000100000001000000000100000000000000000000000020000000000

02000000002345666666666666665433000000000000200000002333333333333333333301010000000100000000000000000000000000000000000000000000

00000020003245666666666666665433000000000000000000000323333333333333333310001000200010000000000002000000000000000000000000000000

00000000003345666666666666265433000000000000000000002334444444444444423301000000000100000000000000000202000000000000000000000000

00000000003345666666666666665433000000000000000000000334444444444444443310120000201000000000000000000000000002000202200000000000

00000200002345666666666666665433000000000000000000020334452555555555443100010000000000002000000000000000000020000220002000000020

00000002003345266262666666265223000000000002000200200324455555555555441310100000000000000000020000000000200000000000020002002000

00000000023344556666666666665433000000000020002000000334455666666655413300010000000000000000020000000000000020000000000002000000

00000000003334455555555555555433000000002000000000000334455666666655143300100000000020000002000000000000000000000000000000000000

00220000003323444442444444444433000000000000000000000334455666666651413300220000000000000000000000020002000000000000002000200000

00000000000003333233333333333333000000020000000000000234455666666615441300000000000000000000000000020000200000000000000000000000

00000000000003333333333333333333000000000000000000000334455666666151413100200000000000000000000020000000000000000000000000000000

00000000000000200000000000000020000000000002000000000334455666661655443310000000000000000000000000000000000000002000000000000000

00000000200000000000000000000000000000000000000020000334455662616155443101000000000000000000020000000000000000200000200000000022

00000000000000000000200000000200000000000000000200000334455555555515441300000200000000000000000000000000200000200200000000000000

00000020000000000000000000000000000000000000000000000334455255552151413300002020000000000000000000000000000000000000000000020002

00000000000000000000000200000000000000000000000000020334444444441444441300002000000000000000000000000000000000000000002000000020

00000000000000000000000020000000000000000000000000000334444444414144413100000000000000000200000020000000002200000000002000000000

00000000020000000000000000000000000000000000000000000333333333133313133310000000000000000000000000000000000000000000000000000000

00000000000020000000000000000000002000000000000000000333333331313133313101200000000000000000000000000000000000000000000000000000

00000000200000000000000000000000000000002000000000200000000200000010000000100000000000020000000000000000000020000000002020000000

00000020000000000000000000000020000000000000200000000000000000000101000000010000000000000000000000000000000002000000000000000000

02000000000000000000000000000000200000000000000000022000000000000000100020101020000000000000000200020000000000000000000002000000

00000000000000000000000000000000000000000000000000000000000000020001010000000000000000000000000000000000002000000000000000000000

00000000000000000000000000000200000000000000000000000000202000000000001000000000000200002000333333333333333333300000000000000000

00020000000002000000000000000000002000000000000020002000000000000000000100000000000002000000333333333333333333300000000000200000

00000000000020000000000000000000000000000000000200000000000002020002001010000000200000000000334444444444444443300002000000000000

00000000000000000200000020000000200000000002000000000000000000000000010001000000000033333333344555555554444442300000000000000000

00000020000000000000000000000200000000000000000000000000000200000000000000100000000233333333445566666655555443300000000000000000

02000000000000000000000000000000000000000000000002200000000000220000022001210000000023444424455666666665555443300000000000000000

00000202000000000000000000000000000000000000000000000000000000020002000000001000000032444444556666666666655443300002000000000000

00000000000000000000000000000000000020000000000000000000000000000000020000010100000033445555566666666626255442300000000000000000

00000000002000000000000000000000000020000000000000020000000000020000000020000010200033445555666666666666655443200000200000000000

00020000220000000000000000000000000000000000000020000000020000000000000000200100000033445566666666666666625443300000000000000000

00000000000000000200000000000000000000000000020022200020000000000000000000001000000033442566666666626666255443322000002200002000

00202020000000000000000000000000000000200000200000000020200000000000000000010100000233445566666266662666655443200000000000000000

00000000002000000000000000000000000000000000000020000000000200020000000000000000003334455666666666666666655443300000000000000000

00000000000000000000000000000002000000000000020000000000000000000000000000000000003344556666666666666265555443300000000200000000
