00000000000000000000200000020000002000000000000000000020000000001000000000000200000000000000000000000000000000020000000000000000
00000000000000000000000000000000000000000000000000000000000000000000000000000000000200000000000000000000000000000020200000200000
00000000000000000000000000000000020000000000000000200000000000000000000000000002000000000200000000000000020000020000000000020000
00000000000002000000000000000000000200020000000000000000000000002000000000200000020000000000000002000200000000000000000000000002
00000002000000000000000002000000200000000000000000200000020000000000000000000000000000002000000000000000000000000000200000000000
00000000000000000000000000000000002002000000002200000000000000000000000000000200000000000000000000000000000000200000200000000000
00000000000000000000000000000000000002000000000000000000000000000000000000000000020000000000000000002000000000020000000020200000
00000000000000000000000020000200000000000000000000000000000002000000000000000002000000000000000000000000000000000002000000000000
00000000000000000000000000000000000000000020002200000000000000000000000002000000000000000200000000000200000000000000000000200200
00000000000000002200000000000000002000000000000200000000000000000000200000000020000002000000000200000000200000000000000200000020
00000000000000000000000000000002000000000000000000000000000000000000000000020000000000000000000000000020000000000000000000000000
00000000000000000000000000000000000000000000000000000000000000000000000000200000000000002000000000000000000000000000000000000000
00200020002000000200000000002000000000200000200000000000000000000000220000000000000000000000020002000000000000200002000000000000
00002000000000000000000000000000000000000000000000000000000000000000020000002000000000000000000000000000000000000000002020000000
00000000000000002000000200000020000200000000000000000000000000000000000000000000000200000000000000000000000000000000200000000000
00000000000000020000000200000020200000000000000000000000000000000000000200000000000000000000000000200002000000000000200000000000
00020000000000000000000002000000000000200000000000000002000000000000000200000000000020002000000000000000000000000000000000000000
00000000000000000000000000000000000000000000000000000000000000000002002000002000000000000000000000000000020000200000002000000000
00000000000002000000000000002020000000000000000000000000000200000200000200000000000000000000000200000000000000000200020000000000
00000000000200000000000000000000000000000000200000000200000000200000000000000000000000000000000022000000000000000000002000000000
00000000000000000020020000000000000000000000000000002000002000000000000000000000000000000000000000200000000200000000020000002000
00000000000020002000000000000000000000000020000002000000000000000000020000000000000200000000000000220000000000000000000000000000
00000020000000000200000000000002000000000002000000000000000000000000020000000000002200000000002000000000000000000200000000000000
00000000000002000000002000200000000000000000000000002000000000000000000000000020000000000000002000000000200000000000200000000000
00000000000000000000000002200000000000000000000000000000000000000000000000000000002200000000000000000000020000000000000000000002
00000000020000000000000000000000000000000000000000000000000000000000000000000000000000020000000000000000000000000000000020000000
00000000000000000002000000000000000000000000000000000000020000000000000000000000000000000020000000000000000000000000200000000000
02000000000000000000000000000000000000000200002000000000000000002000000000000000000000000000000000000000002000000000000000000000
00000000000000000000000000000000000000000000000000200020000002000000000000000000000000020000000000020020000000000000000000000200
00000000200200000000000000000000000000000000000000200000000000000000000002000000000000000000002000000000000000000202000000000200
00000000000000000000000020000000000000002000000000000000000000020000000000000002000000000000000000000000000200200000000000000000
00000200000000200000000000000000000000200000000000000000000000000000000000000000200000000000000000000000000000000200000002000000
00000000000020000000000002020200000000000000200202000200000000200000000000000000000002000002000000000000000000000000000000000000
00000000000000000000000000000020000000000000000000000000000000000000000000000000000200000000000000000000000000000000000000000002
00000000000000000000202000200000000000000000200000000002000000000000000000000000002000200000000000000000000000000000000000000000
00000000000000000002000000000000000002200000000000000000000000000000000000000000000000222000000020000200000000000000000000000200
00000000000000000000000000000020000000000000000000000200000000000000000002000000000220000002000000000000000200000000000000000000
00000000000000000000000000202000000000000200000000000002000000000000200000002020000000000000000000020000000000000000000200000000
00000200000200000200000020000000000000022000000000000200000000000000200200022000000000000000000000000000000002002002200000020000
02000000000000000000000000000000000020200000000000000000000000000000000000000000000000000000020000000220000000000000000000000000
00000000000000000000000000200200000000000200000000000000002000000020000000000000000000000000020000000000000000000000000000000000
00000000000000000000000000000000000002000000000000000000000000000000000000002000000000000000000000022000000000000000000000200000
00000000000000000000000000000000000000000000000000000000000200000000000200000200000000000000000020000000020020000000020000000200
00000000000000000000000000000000000000000020000000000000200000000200000000000000000000000000020020000000000000000200000000000000
00200000000000220000200000000000000000000000200000000000000000000000000000002000000000000000000000000000000000000000000000000000
00000000000000000000000000000000000000000000000000000000000000000000000000000000000000020000000000000000000000000000000200000200
20002000000000000000000000000000000000000000000000000000000000000000000000000000200000000000000000000000000000000000000000000000
00002000000000000000000020000200002000000002020000000000000000000000000002000000000000000000000000000000002000000000000000200000
00000000000020000020000000022002000000000000000000000000000000000000000020000000000000000000000000000000000000000000000000000000
00000020000000000002000000000000200000020000000000000000000000000000000000000000200020000200000000000000000000000000000000000000
00000000000000000000200000000000000000000000000000000000000000000000000000000000000000000020000000000000000000000000000000000000
00200000000000020000000000000000002000000000000000000000020000002000000000000000000000000002002000000000000000000000000000200020
00000000020000000000000020000000000000000000200000002000000000000000000000000000000000200000000000000200000000000000000000000000
00000020000200000000000002000000000000000000000000000000000000000000000000000000000000022000000000000000000000002000000000000000
00000000000000022000000000000000000000000220000000000000200000000000000000000000000000000000000000020000000000000000000000000000
00000000000000000000000200000000000000000000002000002000000000000200000000000000000000000000000000000000000000200002000200200000
00000020000002002000000000000000000000000000000000000000000020000000000000000020000000020000000002000000000002000000020000000020
00000000200000000000000002000000000000000000000000000000000000000000000000000000000000000000200000000000000000000000000000000000
00200000000000000000000020000000000000000000000000000000000002000000000000000000000000002200200200002002000020000000000000000000
00000000000000000000000000000000000000000000000000000000000000202000000000000002000000020000000000000000000000000000000020000000
02000000000200000000000000000000000002000002000000000000000000002000020020000200002000020002000000000200000000000000202020000000
00000000000200000000000000000000000000000000000000000000000000000020000002000000000000000000000000000200200000000000002200000200
00000000000000000000000002002000020000002000000000000000000000000000000000000000000000000000000000000000000000000000002000000000
00000020000000200200000000000000000000000000000000000200000000000002002000000000000000000000000000000000200000000000020000000000
00000200000000002000000202000000000000000000000000000000000000000000000002000000000000000000000000000000000000000000000000000000
00000000000000000020000000000000000000000000000000000220000000000000000000000200200000000000000002002000000000000002000000000000
00000000200000000000000000200020000000000000000000000000000000000000000000000000000000000000000000020000000020000000000000000000
00000000000000000022000000000000000000000000000000000000200000000000000000000000000000000002000000000000000000002000000000000000
00000000000000000000000000200020000000200000000000000000000000000000000000000000000000000000000000000000020000000000000000000020
00200000000000000000000000000000020000000000000000020002000200000000000000000020000000000000000000000000000000020000000000002000
00000000000000000000020000000000000000000000000000000000000000000000000000000000000000000200000000000020002000000002020020000000
00000000000000000020000000000000000000000000000000000000000000000000000000000000000000000000000000000000000000000000000002000000
00000000000000000000002000000000000000000020200000000000000000000000002000000000000000000000000000002000000000000000000000000000
00000200002000000000000000000000000000000000000000000020000000000000000000000200020000000000000000000000000000000000000000000000
20000000000000000000000000000000000000000002000200000000000000000000000000000002000000000000000000000200000000000000000000200000
00000000000000002000000000000200000000200000020000000000000020002000000002000000000000000000000000000200200000000000000000000000
00000000000000000000000000000000000000000000000000000000000000000000000000000000000000000000000000000000000000000000002000000000
00000200000000000200000000000000000000002000000000000000000000000000000000020000000000000000000000000000000000000000000000000200
00000020000000000000000000000000000000000000020000000000000200000200000020000000000000000000000000000000000000000000000000000000
00000000000000000000000000000020000020000200000000000200200000000000000000000000000020020000000000000000000000000000000020000000
00000000000000000200000000000000000020000000000000000000000000000020000002000000000000000200000000000000000200000000002220000200
00020000000000000000000002000000000220000000000000000000000000000000000000200000020200000000000000000000000000000000002020000002
20000000000000000000000000000000000000000000000000000200000000000000000000000000000000000000000000000000000200000000000000020000
00000000000002000020000000000020000000000220000000000000000000000020000000000000200000000000000000200002000000002000000200000000
00000020000000000000000000000000000000000000000000000000000000000000000000200000000000200000000000000002000000002000000000000000
00202000200000000002000000000000000000000000000000000000000000000020000000000000000200000000000000200000000000000000000000000000
00000020000000000000000000002000000020000020200000000000000000000000000000000000000000000000000000000000000000002000000000002000
00000000000002000000000000020000000000002000000000200000000000000000200000000000000000020200000000000000000000000000000002000002
00000000000000000000000000000000000000000000000000000000200000000000000000200000000000000000000000000000002000000000000000000002
02000200000000000000000000000000000000000000000002000000000000000020000000000000000000000000000000002000000200000000000000000000
00000000200000000000000000000020000000000000000000000000000000000000200000000000000000000020000000000000000002000000000000000020
00000000002000000000000200000200000000000000000000000000000000000002002200000000000000000000000000000020000000000000000000000000
00000000000000000000000000000000002000000000000000002000002000000000000000000000020000000000000000000000000000000000000200000000
00000020002002000002000000000000000000000000000000002002000000000000000000000000002000000000000000000200000000000000000000000020
20000000000000020002000020000000000200000000000002020000020000000000000000000000000000000000000000000000000000200000000000000002
00000000000000000000000000000000002002000000000000000000000000000000020000000002000000000000000002000000000000000200000000000000
02000000000000000000000000002000000000000000000000000000000000000000000000000000000000000000000000000000020000000000000020000000
00000000000000000200000000000000000000000200020000000000000000000000000220000000000000000000000000020000000000000000000000000200
00000000000000002000000000020000002000000000000000000000000000002000000000220020000000020000220200000000000000200000000000000220
00000000000000000000000000000000000000000000000000000000000000000000000000000000000000200000000000000000000200000000000000000200
02000020000000000000000002000000000000000200000000020000000000000000000000000000000000000000000000200000002000000000000000000000
00000000000000000000000000000222000000000000000000000000000002000000000000002000000000000000000000000200000000000020000000000000
00000000020000000000000000000000000000002000000000000000000000000000000000002000000000000000000000000000000000000002000000000000
00000000000000200000000000000000000000000002000200000000000020000020000200000002000000000000000002000000000000000000000000000000
00000000000020000000000000200000200000020000020002200000000000000000000000200000000000000000000000000000000000000002000000002000
00020000002000000200000000000000000000000000000000000000000000000000000000000000000000000000000000200000000000200000000002002000
00002000000000200000000000000000000000000000000000000000000000000000000000000000000000002000000000000020002000000000002000000000
00000000200000000020000000000000000000000000000200000200000000020000000000002000000000000000000020000000000000000000000000002000
00000000200002000000000000000002000000000200200020000000000000000000000000020000000000000000000000000000000000000000000000020000
00000000000020000000000000000020000000000000000000002000002002000020000000000000000000000000000000000000000000000000000000000000
00000000000000000000000000000200000000000200000000002000000000000000000200000000000000000000000200000000000000220000000000002000
00000000020020000000000000000000000000000000000000000000000002000000000002000002000000000202000000000000000000000000000000000000
00000000000200000000000200000000020000020000000000000000002000000000000000000022000000000000000000000000002000000000000000002000
00002000000000000000000000000200000000020000000000000000000000000020200000000000000000000000000200002000000000000000020200000000
00000000000002000000000000000002200000000000000000000000000000000000000000000000000000020000000000000000000000202002000000000000
00000000000000000020000200020000000000000002000002000000000000000000002000000000002000000000000000000000000000000000000000000000
00000002000000200000000020000000000000000200000220000000000000000000000200000000002000000002000000000000220000000002000200000000
00000000002000000000000200000000000000000000000000000000200200000000020000000000000000000000000000000002000000000000000000000000
00020000000000000000000000000000000000000000000000000202000000020000000000000000000000000000020000000000000020000000000000000000
00000000000000000000000000000000000000000000000000200000000020000000000000000002000000200000200000000000000000000000000000000000
00200000000000000000000000000000000000000000000000000000000020000000000000000000000000000000000000000000000000000000000000000000
00002000000002000000000000000020000000000000002000000000000000200000000000000000000000000000000000000000000002200000000000000000
20000002000000000000002000000000000000000000000200000000000000000000000202000000000000020222000000000000000000000220000000000000
00000000000000000000200000000000000200000000200000000000020000000000000000000002000000000000002000000000000000000000000000000020
00000002000000000000000000000000000000000022002200000000002200000002000000000000000200000000000000000000000000002000000000002000
02000002000000000000000000000000020000000000000000000000000000000000000000000000000000000000002200000000002000000000000000000000
00000002000000000000000000000000000000020000000000000000000000000000000000000000022000000000000000000200000000000000000000000000
00000000000000000000000000000000000000200002020000000000000000000002000000000002000000000020000000000000000000000000000000000000

00000000000000000000000000000000000000000000000000000000000000000100000000000000000200000000000000000000000000000020200000200000

00000000000000000000000000000000020000000000000000200000000000001010000000000002000000000200000000000000020000020000000000020000

00000000000002000000000000000000000200020000000000000000000000012100000000200000020000000000000002000200000000000000000000000002

00000002000000000000000002000000200000000000000000200000020000101010000000000000000000002000000000000000000000000000200000000000

00000000000000000000000000000000002002000000002200000000000001010000000000000200000000000000000000000000000000200000200000000000

00000000000000000000000000000000000002000000000000000000000010101000000000000000020000000000000000002000000000020000000020200000

00000000000000000000000020000200000000000000000000000000000102010100000000000002000000000000000000000000000000000002000000000000

00000000000000000000000000000000000000000020002200000000000000001010000002000000000000000200000000000200000000000000000000200200

00000000000000002200000000000000002000000000000200000000000000010101200000000020000002000000000200000000200000000000000200000020

00000000000000000000000000000002000000000000000000000000000000101000000000020000000000000000000000000020000000000000000000000000

00000000000000000000000000000000000000000000000000000000000000010100000000200000000000002000000000000000000000000000000000000000

00200020002000000200000000002000000000200000200000000000000000101010220000000000000000000000020002000000000000200002000000000000

00002000000000000000000000000000000000000000000000000000000001010100020000002000000000000000000000000000000000000000002020000000

00000000000000002000000200000020000200000000000000000000000010001000000000000000000200000000000000000000000000000000200000000000

00000000000000020000000200000020200000000000000000000000000000010000000200000000000000000000000000200002000000000000200000000000

00020000000000000000000002000000000000200000000000000002000000100000000200000000000020002000000000000000000000000000000000000000

00000000000000000000000000000000000000000000000000000000000001010002002000002000000000000000000000000000020000200000002000000000

00000000000002000000000000002020000000000000000000000000000210100200000200000000000000000000000200000000000000000200020000000000

00000000000200000000000000000000000000000000200000000200000000210000000000000000000000000000000022000000000000000000002000000000

00000000000000000020020000000000000000000000000000002000002000000000000000000000000000000000000000200000000200000000020000002000

00000000000020002000000000000000000000000020000002000000000000000000020000000000000200000000000000220000000000000000000000000000
