00000000002000000000020000000002000000000000000020000000000002001000000000000000000002000020000002000000000000000000000000000000
00000000000020000020000000000000000020000000000000000000000000000000000000000000000000000000200000000000000000000000200000000000
02020000020000000000002000200000000000000000000000000000200000002000000000200000000000000020000000000000002000000000000000000000
00000020020000000200000000200000002000000000000000000002200020020000000000000000000000000000000000000000000000000020000020000000
00000000000000000000000000000000002000000000000000000000000000022000002200000000002000002000020000200000000000000000000000000000
00000000000000000000000200000020200000000002000200000000000002000000020000000000000000020002000000000020000200000000000000000200
00000000000000000000000000200000000200000000000000000020020000000000000000000000000000000000000000000000000020002000000000000000
20000002000002000000000000000000200000000000000000000000000000000000000000000000000000000000000000000000000000000000000000000000
00000000000000000000000000000000000000200000000000000000000000000002000000000000000000000000000000002000000020200000200000000000
20020000000000200000000000200000020000000000000000000020000000000000000000000000000000020000000000000000000000000020000000000200
00000002000000000000000000000000002000000000000000000000000000000000000000000000000000000020000000000000200000000000000000000000
00000000000000000000000000022003333333333323233333000000000000000000020000000000000000000000000000000000000000000000000000000200
02000000200000000000000000002003333333333333333333000000000000000000000000000000000000000000200000000000000000000000000000000000
00000000000000000000000000000003344424444244444433000000000020000000000000000000000000000000000000000000000000000000000000000000
20000000000000000000000000000003344444444444444433000000000000000000000000000002000000000000020000000000000000000000000020000000
00000000000000000000000000000003344555555555554433000000000000000200000000000000000000000000000000000000000000000000000000000000
00000000000000000000000000000003344555555555554433000000000020000000000000000000000202000000000000000000000000000000000000000000
00000000000000000000000000000003344556666266554433000000020000000000000000003233233333333333333002000000000002000000000000000000
00000000000000000000000000000003344556666666554433000000000000000000000000003333333333333233333000020000000000000000000000020000
00000000000000000000000002000003344556666666554433000000000000000000000000003344444444424444433020000000000000000000000000000000
00000000000002000000000000000003344556666666554433000000002000000000000000003344442444444444433000000000000200000000000000000000
00000000000000000000000000000003344556666666554433000200000000000020020020003344555555555554233000000002000000220000000000020000
00000000000000000000000000000003344556666666554433000020000000000000000000003344555555522554433000000000000000000000000000000000
00000000020000000000000000000203344556666666524433000000000002000000000200003344556666666254232000000000000000002000000000000000
00000000000000000022000000000003344522552555554433000000000000020000000002003324556666666554433020000000000000000000000000000000
00000000000000000000000000000002344555555555554433200000000000000000000000003344556666666554433000000000200000002000000000000000
00000000000000220200020000000003344444444444444433000000000000000000000000003344556666666554433000000000000200000000000000000000
00000000000020000000000020000003344444444444444433000200000000000000000000003344556662666554433000000000000000000000000000020000
00200002000000200000002000000003333333333333333333000000000000000000000000003344556666666254433000000000000000000000000000000000
02000000000000000000000000000003333333333333333333000000000000000000000000003344556666666254433000000000020002000000000000000000
00000002020000000000000000000200000000000000000000000000000000000000002000003344555555555554433002000000000000020000000000000020
00000000000200200000000000000000000002000000000000000000000000000000000000003344555555555554433000000000200000000000000000200000
00000000000000000000000020000000000000002000000000000000000000020000000000003344444244444444433000000000000000000000000000200000
00000000000000000000000000000000000000000000000000000000000000000000000000003344444444444444433000002000000000000200000000000002
00000200000000000000000000000000000000002000000000000020000000002002000000003333333333333333333000200000000000000000002000000000
00000000000000000000000000000000000000000000000200000000000000000000200000003333333333333333333000000000000002000000000000000000
00020000000000200000020000000000000000020200000000000000000000000000000000000000000000000020200000000000000000000000000000000000
20002200000000000000000000000000000000000000000000000000000000000000000000000000000000000002000000200000000000000000000000000000
00002000000000000020000000000000000000002000000000000032333323333333323330000000000000002000000000000000000000000000000000000000
00000000000000000000000200000000000000000000000000000033333333333333333230000000020000000000000200000000020000000002002000000000
00000000000000000000000000000000000022200000002020000033444444444444444330000000200000200000000000000000000000000000000000000000
00020000020020000000000000000200000020000000000000000033244444444444442330000000000000000000000000000000000000000000000200002000
00000000000000002000000000000000220000020002000000000233425555555555544330000002000000000000000000000000000000000000000200000000
00000000002000000000000000000000000000000000000000000033445555555555544330000000000000000000000000000000002000000000020000000000
20000002000000000000002000000000200000020000200000000032442566666665524330020200000000000000000020000000000000000000000000000000
00000000000000200000020000000000000020000000000000000033445566666665544330000000000002000000000200000000200000020020000000000200
00000000000000000000000000000000000000000200000000000033445566666665544330000000000000000000000000000000000000000000000000000000
00200000000002000000000000002002000000000000000000000033445566666665544330000200000200000000000000020000000000000000200000000000
00000000000000000200000000000000000200000000020020000033445566666665544230000000000000000000022000000000000000000000000000000000
00000000000000000000000020000000002000002000002000020033445566666665544330000000000000000000000020000000000000000000000000000000
00000000000000000000000200200000000000000200000000000033445566666625544330000000000000000000000000000000000000000002000000000000
00000000000000000000000000002020000000002000000000000023445555555555544330000000000000000200200000020000000000000000000000000000
02000000000000000000000000000000200000000000000000000033445525555555544330000000000000200000000000000000000000000000000000200000
00002000000000000000002000200000200000002000000200000033444444444444444330000000000000002000000000000000000000000000000002000202
00000000000000000000000002000200000000000000000000000033444444444444442330002000200000000000000000200200002000000000000000000000
00000000000000002000002000000000000000000000000002000033333333333333333330000000000000000000000000000000000000000000000000000000
00000000000000000000000000000202000000000000000000020033333333333333333330020000000000002020000000000002000200000000000000000000
00000000000000000000200000000000000000000200000000000000000000000000000000000000000000000000000002000000000000000000000000000000
00000000002000000000000000000000000000002000000000000000000000000000000020000000000000000000000000000000000000000000000000000000
00000000000000000000000000000000000000200000000002000000020020000000000000000000000000000000000000000000000000000000000000000000
00000000020200000000000000000000000000000000000000000000020000200000000000000000000000000000000000000000000000000000000000000000
00000000000000000000000000000002000000200000000000002000000000000000000000000000000000000000020000000000000000000002000000000000
02000000000000000000000022000000000000000000000000000000000000000000002000000000000000000000000000002000000000000000020000000000
02000020000000000020000000000000000000000000000000000000000000000000020000000000000000000000000020000000000000000000020000020000
00000000000000000000000000000000000000000000000000000000000000000000000000000000000000000000000002000000200000000000020000000000
00000000200000000000000000000000000000000000000000000000000000000000000000000000000200000000000000000000000000000000002000000000
00000000000020000000000000200000000200000000000000000200000000000000000000000000000000000000000000000020000020000000000000000000
00000000020000000000000000000000000000000000000000000000000000000000000000000000000000000000000000000000000000000200000000000000
00000000000000200000000200020200000000000000000000020002000000000000000000000000000000000000000000000002000000000000000000000000
00000002000000000000000002000000000000000000000000000000200000000000000000000000000000000000000000000000000000000000002000000020
00000002000000000000000000000000000000000000000020000000020200000000000000000000000000000000200000000000000000000000000000000000
02020000000000000002000000020000000000000020200000000000000000000000020000000000020000000000000000000000000000000000200000000000
00000000000000000020000200000000000002000000000000000000000000000000000000000200000000000000200000000000000000000000000000000000
02020000000002000000000000000000002000002000000000000000000000000000000000000000000000000000000000000000002000000000000000000000
00000000000000000000000000002000020020000200000000000200000000000000000000000000000000200000000000000000000000000000200000002000
00000000000002000002000000000000000000000000002020000000000000002000200000000000000020000200000000000003333333333333333333020000
00000000000000000000000000000000000000000000000000000000000000000020000000020000000000000002000000000003333333333323333333000000
00000000000020000000000002000000000003333333333333333333000000000000000000000000000000000000000000200203344444444444444433000000
00200000000000000000000000000000200003333323332333333333000000200000000000000000000020000000000000000203344444444444424433000200
00000000000000000000000020000000000003344444444444442433000000000000000220000000000000000000000000000003344555555555254233000000
00000000000002000000000000200000000003344444244444444423000000000000000000000020000000000000000000000003344555555555554432000000
00000000000000000000000000000000000003344555255555554433200000000000000000000000000000000000000000000003344556626666554433000000
00000200000200000200000000000000000003344555555552554433000020002000000000000000000000000000000000000003344556666666554433000000
00000000220000000200000000000000000003344552666666554433200000000000002000000000000000000000000000000003344556666666254433000000
00000000000000000000000000000000000003342552662666552233002002000220022000000000000000000000002000000003344556666666554433002000
00002000200000000000000000200000000003344256666666554433000000000000000000000000000000000000000000000203344556666666254433000000
00000000000000000000000000000000000003344556666666554433200000000000000000000002000000020000000000020003344556666666554433000020
00000000000000000000000000000000000003344256666666554433000000000002000000000000200000000000000002000003324256666266554432000000
00000000000000000000000020000000000003344556666666554433000000000000000200020000000000000200000000000003344555525555254433000000
00000000000002000000000020002200000003344556666666552433000000000000000000000000000000000000000000000003344555555525554433000000
00000000000000000000000002000020002003344555555555554433000000000002000000000000000000000000000000000003344444444244244433000000
00000000000000000000000000000000000003344555555555254433000020000000000000000000000000000000000000000003344444424444444433002000
00002000000000002220000000000000000003342444444444444433000000000000000000000000000000000000000000000003333333333233333333000000
00000000000000000000000000000020000003342442444244444433000000000000000000000000000000000000002002000003332333333333333333000020
20000000000020000000000000200000000003333332323333333333200000000000000000000000000000200000000000000000000000000000000000000000
00200000000000000000000000000000000203333333333333333333020000000000000000020000000220000000000000000000000200000000000000000000
00000000000000000000000200000200000000000000000000000000000200000000000000002000000000000000000000000000000000000200000000000000
00020000000000000000000000000000000000000020020000000000002000000000200000000000000000000000000000000000000002000000020000000000
00000000000000000200200000020000000000000000020000000000000022000000000000000000000000000000000000000200000000000000000000000000
00000000000000000000000000000000000000020000000200000000000000000000000000200000002000020000002020000000000000000000000000000000
00000000002000000000000200000200000000000000000000000000000200000000000000200000000000000000002000000000000000200000000020000020
00200000000000000000000020000200000000000000000000020000000002000000000000000000000000000000000000000000000000000000000002002000
02000000000000000000000020000000000200000000020000000000000002000000000000000000000000000000000000002000000020000000000000000000
00000000000000000000020000000000000000000200000000000000002000000020200000000000000000000000000020020000000000000000000000000000
00000000000000000000000000000000200000000000000002000000000000000000000000000000000000002000000000000000200000000000000000000002
00000000000000000000200000000002000000020000000000000000000000000000000002000000002000000000200000000000000000000000000000002000
00000000000000000000000000000000000020000000000000000000000000000002000000000000000000000000000000000000000000000000000000000020
00000000000000000000000002000000000000000000000000000000000000000000000000000000000000000000000000000200002000000200000000000000
00000000000000000000200000000000000000000000000000000000000000000000000200000000000000000000000000200000000000000000000000000020
00000002000000000000000000000200000002000000000000000000000000000020020200000000000000000000000000200000000000020000000000000000
00020000000000000000002000000000000000002000000200002000000000000000000000002000000000000000000000000000200000000000000000000000
00000000000000000020000200000000000000000000000000000200000000000000002000000000000000000000000000000202000000000002000000000000
00000000000000020020000000000000000000002000000020000020000000000000000000000000000000000000000000000000202000000200000000000000
00000000000000000000000000000000000000020000000000000000020000000000000000000000000000000000000000000000200000002000000000000000
00000000000000000000000000000000000000000000000020000000000000000000000000000000000202000000000000000002000000000000002000000000
00000000000000000020000220000200000000000000000002000000000002000000000000000000020000200000000000000002000000000000000000000000
00000000000000000000000200020000000000000000000000000000000000000200000000000000000000000200000000000000000002000000000000000000
00002000000000000000022000000000000000000000000000000000000000000000000200000000000000000000020000000000000000000000000000000000
00000002000200020000000200000002000000000000000000000000000020000000000000000000000000002000000000000000000000000000000200000000
00000000002000000000002000000000000000000000000000000000000200000000000200000020000000000000000000000200000000000000000000020000
00000000000000000000000000000000000000000000000020000000000000000000000000000000000200000000000000000000000000000000000000000000
00000000020020000000020200000000000200000000000000000000002000000000000000000000000000000000000000000000000000000000000000000000
00000002000000002000000000000200000000000000000000200000000200000000000000000000000000000000000000020000000200000200000000000200
00000000000000002000000000000020000200000000002000002000000000000000000000000020000200000000200000000000000000200000000000000000
00000000000000000000000000002000000000000000000000000200000000000000000020000000000000000000000200000000000000000020200000000000
02020000000000000000000000000000000000000000000002020000000000000000000000000200200000002002000000000200000000000000000000000000
00000000000000000000000200002000000000000000200000000000000000000000000000000000000000000000000000000000000000000000002020000000
00002000000000000000000020000000000020000200000000000000000002002000000000200000200000002000000000020000002000000000000000000000

00000000000020000020000000000000000020000000000000000000000000000100000000000000000000000000200000000000000000000000200000000000

02020000020000000000002000200000000000000000000000000000200000002010000000200000000000000020000000000000002000000000000000000000

00000020020000000200000000200000002000000000000000000002200020020001000000000000000000000000000000000000000000000020000020000000

00000000000000000000000000000000002000000000000000000000000000022010102200000000002000002000020000200000000000000000000000000000

00000000000000000000000200000020200000000002000200000000000002000001020000000000000000020002000000000020000200000000000000000200

00000000000000000000000000200000000200000000000000000020020000000010000000000000000000000000000000000000000020002000000000000000

20000002000002000000000000000000200000000000000000000000000000000001000000000000000000000000000000000000000000000000000000000000

00000000000000000000000000000000000000200000000000000000000000000012100000000000000000000000000000002000000020200000200000000000

20020000000000200000000000200000020000000000000000000020000000000101000000000000000000020000000000000000000000000020000000000200

00000002000000000000000000000000002000000000000000000000000000001000000000000000000000000020000000000000200000000000000000000000

00000000000000000000000000022003333333333323233333000000000000010000020000000000000000000000000000000000000000000000000000000200

02000000200000000000000000002003333333333333333333000000000000100000000000000000000000000000200000000000000000000000000000000000

00000000000000000000000000000003344424444244444433000000000020010000000000000000000000000000000000000000000000000000000000000000

20000000000000000000000000000003344444444444444433000000000000101000000000000002000000000000020000000000000000000000000020000000

00000000000000000000000000000003344555555555554433000000000000010200000000000000000000000000000000000000000000000000000000000000

00000000000000000000000000000003344555555555554433000000000020100000000000000000000202000000000000000000000000000000000000000000

00000000000000000000000000000003344556666266554433000000020000010000000000003233233333333333333002000000000002000000000000000000

00000000000000000000000000000003344556666666554433000000000000101000000000003333333333333233333000020000000000000000000000020000

00000000000000000000000002000003344556666666554433000000000000010000000000003344444444424444433020000000000000000000000000000000

00000000000002000000000000000003344556666666554433000000002000101000000000003344442444444444433000000000000200000000000000000000

00000000000000000000000000000003344556666666554433000200000001010120020020003344555555555554233000000002000000220000000000020000

00000000000000000000000000000003344556666666554433000020000000101010000000003344555555522554433000000000000000000000000000000000

00000000020000000000000000000203344556666666524433000000000002000101000200003344556666666254232000000000000000002000000000000000

00000000000000000022000000000003344522552555554433000000000000021010100002003324556666666554433020000000000000000000000000000000

00000000000000000000000000000002344555555555554433200000000000010100010000003344556666666554433000000000200000002000000000000000

00000000000000220200020000000003344444444444444433000000000000101000101000003344556666666554433000000000000200000000000000000000

00000000000020000000000020000003344444444444444433000200000000000001010100003344556662666554433000000000000000000000000000020000

00200002000000200000002000000003333333333333333333000000000000000010101000003344556666666254433000000000000000000000000000000000

02000000000000000000000000000003333333333333333333000000000000000100010100003344556666666254433000000000020002000000000000000000

00000002020000000000000000000200000000000000000000000000000000001010102010003344555555555554433002000000000000020000000000000020

00000000000200200000000000000000000002000000000000000000000000000101000000003344555555555554433000000000200000000000000000200000

00000000000000000000000020000000000000002000000000000000000000021010100000003344444244444444433000000000000000000000000000200000

00000000000000000000000000000000000000000000000000000000000000000101010000003344444444444444433000002000000000000200000000000002

00000200000000000000000000000000000000002000000000000020000000002012101000003333333333333333333000200000000000000000002000000000

00000000000000000000000000000000000000000000000200000000000000000001200100003333333333333333333000000000000002000000000000000000

00020000000000200000020000000000000000020200000000000000000000000010001010000000000000000020200000000000000000000000000000000000

20002200000000000000000000000000000000000000000000000000000000000101000100000000000000000002000000200000000000000000000000000000

00002000000000000020000000000000000000002000000000000032333323331313123330000000000000002000000000000000000000000000000000000000

00000000000000000000000200000000000000000000000000000033333333333131333230000000020000000000000200000000020000000002002000000000

00000000000000000000000000000000000022200000002020000033444444441414144330000000200000200000000000000000000000000000000000000000

00020000020020000000000000000200000020000000000000000033244444414141442330000000000000000000000000000000000000000000000200002000

00000000000000002000000000000000220000020002000000000233425555151515144330000002000000000000000000000000000000000000000200000000

00000000002000000000000000000000000000000000000000000033445551515151514330000000000000000000000000000000002000000000020000000000

20000002000000000000002000000000200000020000200000000032442516161615121330020200000000000000000020000000000000000000000000000000

00000000000000200000020000000000000020000000000000000033445561616161514130000000000002000000000200000000200000020020000000000200

00000000000000000000000000000000000000000200000000000033445516161615141330000000000000000000000000000000000000000000000000000000

00200000000002000000000000002002000000000000000000000033445161616161544130000200000200000000000000020000000000000000200000000000

00000000000000000200000000000000000200000000020020000033441516161615541210000000000000000000022000000000000000000000000000000000

00000000000000000000000020000000002000002000002000020033415161616161514130000000000000000000000020000000000000000000000000000000

00000000000000000000000200200000000000000200000000000033141516161625141310000000000000000000000000000000000000000002000000000000

00000000000000000000000000002020000000002000000000000021415151515555514130000000000000000200200000020000000000000000000000000000

02000000000000000000000000000000200000000000000000000013141525151555541310000000000000200000000000000000000000000000000000200000

00002000000000000000002000200000200000002000000200000031414444414144414130000000000000002000000000000000000000000000000002000202

00000000000000000000000002000200000000000000000000000033144444141414142330002000200000000000000000200200002000000000000000000000

00000000000000002000002000000000000000000000000002000031333331313131333330000000000000000000000000000000000000000000000000000000

00000000000000000000000000000202000000000000000000020013133313331333333330020000000000002020000000000002000200000000000000000000

00000000000000000000200000000000000000000200000000000100000100010000000000000000000000000000000002000000000000000000000000000000

00000000002000000000000000000000000000002000000000001000001000101000000020000000000000000000000000000000000000000000000000000000

00000000000000000000000000000000000000200000000002010100020021000100000000000000000000000000000000000000000000000000000000000000

00000000020200000000000000000000000000000000000000001010020010201010000000000000000000000000000000000000000000000000000000000000

00000000000000000000000000000002000000200000000000002101000100000000000000000000000000000000020000000000000000000002000000000000

02000000000000000000000022000000000000000000000000000000100000000000002000000000000000000000000000002000000000000000020000000000

02000020000000000020000000000000000000000000000000000000010000000000020000000000000000000000000020000000000000000000020000020000

00000000000000000000000000000000000000000000000000000000101000000000000000000000000000000000000002000000200000000000020000000000

00000000200000000000000000000000000000000000000000000000010100000000000000000000000200000000000000000000000000000000002000000000

00000000000020000000000000200000000200000000000000000200001010000000000000000000000000000000000000000020000020000000000000000000

00000000020000000000000000000000000000000000000000000000000101000000000000000000000000000000000000000000000000000200000000000000

00000000000000200000000200020200000000000000000000020002001000100000000000000000000000000000000000000002000000000000000000000000

00000002000000000000000002000000000000000000000000000000210001000000000000000000000000000000000000000000000000000000002000000020

00000002000000000000000000000000000000000000000020000000021200000000000000000000000000000000200000000000000000000000000000000000

02020000000000000002000000020000000000000020200000000000010000000000020000000000020000000000000000000000000000000000200000000000

00000000000000000020000200000000000002000000000000000000100000000000000000000200000000000000200000000000000000000000000000000000

02020000000002000000000000000000002000002000000000000000010000000000000000000000000000000000000000000000002000000000000000000000

00000000000000000000000000002000020020000200000000000200101000000000000000000000000000200000000000000000000000000000200000002000

00000000000002000002000000000000000000000000002020000001010100002000200000000000000020000200000000000003333333333333333333020000

00000000000000000000000000000000000000000000000000000010100000000020000000020000000000000002000000000003333333333323333333000000

00000000000020000000000002000000000003333333333333333331010000000000000000000000000000000000000000200203344444444444444433000000

00200000000000000000000000000000200003333323332333333313101000200000000000000000000020000000000000000203344444444444424433000200

00000000000000000000000020000000000003344444444444442131000100000000000220000000000000000000000000000003344555555555254233000000

00000000000002000000000000200000000003344444244444441423101010000000000000000020000000000000000000000003344555555555554432000000

00000000000000000000000000000000000003344555255555514433200101000000000000000000000000000000000000000003344556626666554433000000

00000200000200000200000000000000000003344555555552151433000020002000000000000000000000000000000000000003344556666666554433000000

00000000220000000200000000000000000003344552666661514433200000000000002000000000000000000000000000000003344556666666254433000000

00000000000000000000000000000000000003342552662616152233002002000220022000000000000000000000002000000003344556666666554433002000

00002000200000000000000000200000000003344256666661554433000000000000000000000000000000000000000000000203344556666666254433000000

00000000000000000000000000000000000003344556666616154433200000000000000000000002000000020000000000020003344556666666554433000020

00000000000000000000000000000000000003344256666161514433000000000002000000000000200000000000000002000003324256666266554432000000

00000000000000000000000020000000000003344556661616151433000000000000000200020000000000000200000000000003344555525555254433000000

00000000000002000000000020002200000003344556616161512433000000000000000000000000000000000000000000000003344555555525554433000000

00000000000000000000000002000020002003344555151515151433000000000002000000000000000000000000000000000003344444444244244433000000

00000000000000000000000000000000000003344551515151214133000020000000000000000000000000000000000000000003344444424444444433002000

00002000000000002220000000000000000003342414141414141413000000000000000000000000000000000000000000000003333333333233333333000000

00000000000000000000000000000020000003342442414241414133000000000000000000000000000000000000002002000003332333333333333333000020

20000000000020000000000000200000000003333332323333131313200000000000000000000000000000200000000000000000000000000000000000000000

00200000000000000000000000000000000203333333333331313333020000000000000000020000000220000000000000000000000200000000000000000000

00000000000000000000000200000200000000000000000010001000000200000000000000002000000000000000000000000000000000000200000000000000

00020000000000000000000000000000000000000020020101010000002000000000200000000000000000000000000000000000000002000000020000000000

00000000000000000200200000020000000000000000020000100000000022000000000000000000000000000000000000000200000000000000000000000000

00000000000000000000000000000000000000020000000201000000000000000000000000200000002000020000002020000000000000000000000000000000

00000000002000000000000200000200000000000000000000100000000200000000000000200000000000000000002000000000000000200000000020000020

00200000000000000000000020000200000000000000000001020000000002000000000000000000000000000000000000000000000000000000000002002000

02000000000000000000000020000000000200000000020010000000000002000000000000000000000000000000000000002000000020000000000000000000

00000000000000000000020000000000000000000200000101000000002000000020200000000000000000000000000020020000000000000000000000000000

00000000000000000000000000000000200000000000001002000000000000000000000000000000000000002000000000000000200000000000000000000002

00000000000000000000200000000002000000020000010000000000000000000000000002000000002000000000200000000000000000000000000000002000

00000000000000000000000000000000000020000000101000000000000000000002000000000000000000000000000000000000000000000000000000000020

00000000000000000000000002000000000000000000010100000000000000000000000000000000000000000000000000000200002000000200000000000000

00000000000000000000200000000000000000000000101010000000000000000000000200000000000000000000000000200000000000000000000000000020

00000002000000000000000000000200000002000001000001000000000000000020020200000000000000000000000000200000000000020000000000000000

00020000000000000000002000000000000000002000100200002000000000000000000000002000000000000000000000000000200000000000000000000000

00000000000000000020000200000000000000000000000000000200000000000000002000000000000000000000000000000202000000000002000000000000

00000000000000020020000000000000000000002000000020000020000000000000000000000000000000000000000000000000202000000200000000000000
