0000000000000000000000000000000000010000000000000000000233445566666625
0000000000000000000000020000000000000000000000000000000033245566666665
2000000000000000000000000000000000000000000000000000000033425566666665
0000200000000000000000000000003332233333333333333000000033445566666665
0000000000000000200000002000003333233323333333333000000033425566666665
0000000000000000000000000000003344444444444244433020000033445555555555
0000000000000000000000000000003344444444444244433020000033445555555555
0000000000000000000000200000203344555555555554433000000032444244444444
0000000000000200000200000000003344555555552254433000000033444444424444
0000000000000002000000000000003344556666666554433000000033233333333333
0002200000000000000000000000003344556666666554433000000033333333333332
0202000002000000000000000000003344526666666554433000000000200000000200
0000000000000000000020000000003344556666626655443333323333302000000000
0000000000020000000000000000003344556666666665544233333333300000000002
0000000000000000000000000000003344556666666666254444444443300000000000
0000000000000000020000000000003344526666666266655444444443300000000000
0020200000002000000000000000003344555555666666665555555443300000000000
0000000000000000000000000000203344555555566666666555555443300000000000
0000000000000000000000000000003344444444556666666666655443300000000000
0000000020000000000000000000003344444444455666666666655443300000200000
0000002000000000000000000000003233333333445566666666255423300000000200
0000000000000000000000002000003333333333344556666666655443302000000000
0000000000200000000000000000000000020000334455666666255443300000000000
0000000000002000000000000200000000000000334455662666655443302000000000
0000000000000022000000000200000000000000334455666666655443200000000200
0000000000000000000000000000000000000000334255555555555423300000000000
3333333333333300000000000000002200000000334455255555555443300000000000
3333333333333300002000000000000000000000334444444444444443300000000000
4444424442443300000000000000000000000000334444444444444443200000000000
4444444444443300000000020002000000000000333333333333333333300000000002
5552555555442300000000000000000000002000333332333333332323300000000000
5555552552423300000000000000000000000000000000000000000000000000000000
5666666655443300000000000000002000200000000000000000000000000000000000
5626666655444233333333333323230000220000000000000202000000000000000000
5666666655244433333333333333330000000000000000200000000333333333333333
5666666655444444444444444444330000000000020000000000000233233333333333
5666666655444444444444444424330000000000000000000000000334444444244444
5666626655444445555555555544330000000000000000000000000334444444444424
2666666655444445555555555544330000002000000220000000000334425555555555
5555555555442445566666665544330000000000000000000002000334455555555555
5552555555444445566666665544330000000000000200000000000334455666666655
4444442444444445566666665544330000000000000000000000000334455666666655
4444444444442425566666665544330000000000000002200000000334225666666655
3333333333344445566666662544330000000000000000000000000334455666666655
3333333233334445566666665544332000020220000000000000000334455662666655
2000000200033445566666662544330000000200000000002000002334455666666655
0000000000033445555555555544330000000000000000000000000332455666666655
0000000000033445555555555544330000000020000000000000000334455555555555
0000000200023444444444444444330000000000000000000000000334455555555555
2000020000033444444444444444330020000000000000000000000334444444444444
0000000000033333333333333333330000000000000002000000000334444444444444
0000000000023333333333333333330000000000000000000000002333333333332333
0000000000000000000200000000000000000000000022200000200333333333333333
0000000000000000000002000000000000000000000000000000000000002000000000
2000000000000000000000020000000000000000000000000000000020000000000000
0000000000000000000000000000000000000020000000000000000000000000000000
0000000000000000000000000002200000000000000000000000000000000000000000
0000000000000002000200000000000020000000000000000000000000000000000200
2000000000000000000000000000000020000000000000000000000200000000000000
0000000000000000000000000000000000000000020000000000000000000000000000
0000000000000000000000000000000000200000000000000000200000000000000000
0000000000000000000000000000000000000000000000000000000000000000000000
0000000000000000000000000000000000000000000000000000000000000000000000
0000000000000000000000000000000000000000000000000000000000200000000000
0000200000000000000000000000000000000000000000000000000000000000000000
0000020000002000000000000000000000000000000000000000000000000020000000
0020000000000000000000000000000000000000000000000000000000000000000000
0000000000000000000000000000000000000000000000000000000000000000000000
0000000000000200000000000000000000000000000000002000000002000000000000
0000000000000000020000002000000000000000000000200000000000220002020000

0000000000000000000000020000000000001000000000000000000033245566666665

2000000000000000000000000000000000010100000000000000000033425566666665

0000200000000000000000000000003332231313333333333000000033445566666665

0000000000000000200000002000003333233321333333333000000033425566666665

0000000000000000000000000000003344444414144244433020000033445555555555

0000000000000000000000000000003344444141444244433020000033445555555555

0000000000000000000000200000203344551515155554433000000032444244444444

0000000000000200000200000000003344515151512254433000000033444444424444

0000000000000002000000000000003344151616166554433000000033233333333333

0002200000000000000000000000003341516161616554433000000033333333333332

0202000002000000000000000000003314121616161554433000000000200000000200

0000000000000000000020000000003141516161626155443333323333302000000000

0000000000020000000000000000001314151616666615544233333333300000000002

0000000000000000000000000000003141516161666161254444444443300000000000

0000000000000000020000000000001314121616161216155444444443300000000000

0020200000002000000000000000013141515151616161615555555443300000000000

0000000000000000000000000000201314151515161616161555555443300000000000

0000000000000000000000000000003141414141516161616166655443300000000000

0000000020000000000000000000003314141414151616161616655443300000200000

0000002000000000000000000000003231333131415161616161255423300000000200

0000000000000000000000002000003333131313141516161616155443302000000000

0000000000200000000000000000000000020000334151616161215443300000000000

0000000000002000000000000200000000000000331415162616151443302000000000

0000000000000022000000000200000000000000314151666661615143200000000200

0000000000000000000000000000000000000000131215155515151423300000000000

3333333333333300000000000000002200000000314151215151515443300000000000

3333333333333300002000000000000000000000331414141414141443300000000000

4444424442443300000000000000000000000000334141414441414143200000000000

4444444444443300000000020002000000000000331313131313331313300000000002

5552555555442300000000000000000000002000313132313131312123300000000000

5555552552423300000000000000000000000000101000000010100010000000000000

5666666655443300000000000000002000200001000100000001010000000000000000

5626666655444233333333333323230000220000100000000212101000000000000000

5666666655244433333333333333330000000001010000200100010133333333333333

5666666655444444444444444444330000000010020000000000101213233333333333

5666666655444444444444444424330000000100000000000001010134444444244444

5666626655444445555555555544330000001000000000000000101314444444444424

2666666655444445555555555544330000002100000220000000010131425555555555

5555555555442445566666665544330000001000000000000002001314455555555555

5552555555444445566666665544330000010000000200000000010131455666666655

4444442444444445566666665544330000001000000000000000100314155666666655

4444444444442425566666665544330000010100000002200000010334225666666655

3333333333344445566666662544330000100000000000000000001334455666666655

3333333233334445566666665544332000020220000000000000000134455662666655

2000000200033445566666662544330000000200000000002000002314455666666655

0000000000033445555555555544330000000000000000000000000332455666666655
