55555552554433000020000000002000000000000033445555555555544330001000000002000000333333332444444444444444433000000000033445566662
55556666655443333333233000000000020000000033445566666665544330000002000000200000333332334455555555544444433000000000033445566666
56626666665544333333333000000000000000200033445566626665544330000000000000000000334444244256666666555554433000000000033445566666
56666666666554444244433000000000000000000033445566666665544330000000000000200000334444445266666666655554433000000000233442566666
26666666266655424444433020002000000000000033445566666662544330000000000000000000334455555666266666666552433000000000033445566666
56666666626665555554433200000000000000000033445562666665544330002000000000002000334425556662666626666554233000000000033445566666
56666666666666555554433000000000000000000033445566666665544332000200000000000000334455626666666666622554433033333323334452666665
56666666626666266554433000200002000000000033445566666665544330020000000000000000334455666666666666666554433033333333344556626652
56666626666666266554433000000000000000000033445555555555544330000200000202000000334425666666666666666554433033444444445566666554
55556666666666666554433000020000000000020033445555555555544330000000000000022002334455666666666666666254433033444444455662265544
55555666666266666554433000000000000000000033444444444444444330000200000000000000334455666666266666666554433033445555256666655443
44445566626666666552433000000000000000000033444444444444444330000000000000000000334255666666666666655554433033445555566666554433
44444556666666666554433000000000002000202033333333333323333330000000002000000000324455666666666626225554423033445566666622544332
33334455666666666554433000000000000000020033333233333333333330200002000000000220334455556666666265524444433033445566666665524230
33333442566666555554433000000000000000000000000000000000000000000000000000200000334455555266666625444444433033442566662665544330
00023324555555225554433000000000000000000000000000000000000000000000000200000000334442445555555554433333333033445566666662544330
00003344244444444444433000000000000000200000000000000000000000000000000000000200334444442444444444333333333033445566666665544330
00003342444444444444423000000000000000000200000200000000000000000000000000000020333333333333333322300000000033445526666665544330
02003333333323323333333000000000002000000003333333233333333333000020000200000000333333333333333333200000000033245566666665544332
00003333333333333333333000000000000000000003333333333333333333000000000000000000000002000002000000000000000023445525555555544330
00000000000000000000000200002000000000000003344444444444444433000200000000000000000020000000000000002000000033425555555555544330
00000000000000000000000000000000000002000003344444444444444433000000020000000020000000000000000000000000000033444444444444444330
23323333333323233000000000000000000000000003344555555555554433000000000000000002000002000000000000000333333334444444444444444330
33333333333333333000000000000000020000000003344555555552522433000000000000000000000000000000000000002233323344444444444433333330
44444444444444433000000000200000200000000003342556666626554433002000000000000000000000000000000000000334444444444444444333333330
55555555555444433000020000000200000200000003344556666666554433000000200000000000000020000000000000000334444444442444443300000000
56666666665554433000200000000000000002000003344556666666554233000000002000000000000003333333333333333344455555555555443300000000
66666662666554433000000000000000000020000003344556666666552433000000000000000000000003333333333233333444455555525552423300200000
66666666666554433000000000000000002000002203344556666666554433000000000020020000000003344444444444444444455666266655423300000000
66666626666554433000333333333333333333300003344556626666255443333333333000000000000333242225555555555544455666666655443300002000
66666666666554433000333333332333323333300003342556666666665544333333333000002000200332455666666666265544455666666655443300200000
66666666666554433000334444444444244443300003344555556662666554444444423200000000000334556666666666665544455666666655443300000000
66666666666554433002334444444444444443302003344555555666666665555555443333333330000334566666666666665524455666666655443320002000
66666666666552433000334455555255555443320003344444445566666666666665544333333330000334566662666666665544455666666655443300000000
66662626666554433000334455555555525443300003342444444556666666666666554444444330000334566666662666665544455626666255443300000000
66666666662552433000334455666666655443300003333333334455666266666626655444444330000334566666666266665544455555555525443300000020
66666666665554433000234455666666255443300003333333333445566626666666665555224330000334566666666662665542455525555555443300000020
66666666652444433200334452666666655443300000000200003344556666666666666555542330000334566666666666665544444444444444442300000000
66666666554444433000334425666666655443300000000000003324556666666666666662544330000334566662666666665544444244444444443300200000
55555255544333333000334455666666655443300000000000003244556666666666666665544330000334566666666666665544333333332333333300000000
44444444443333333000334455666666655443300000000000003344556666626666666265544330000334566266666666665543323333323333333200000000
33333333333000000000334455666666655442300002002000203344556666266666662665524330000334566666666666662423000002000020000020000000
33333333333000000000334255555555555443202200000000003344555566666666666665544330000334526666666666655233200000000020000000002000
00000000000000000000334455555555555442300002000002003344555556666666666625544330000334566666666666554433000000000200000000000000
00000000000000000000334444444444242443300000000000023344244455666666666665544330000334555555555555544333000000020000220000002000
00002002000000000000334444444444444443300000000000003344444445566666666555544330000334444424444444443200000000000000000000000000
00000000000000000000333333333333333333300002000000003333323344556666665555544330000333333333333333333300000000000000333333333223
00000000000000000000333333333333333332320000000002003333332334455555555444424330000333333333323333333300000000000000333333333333
00000333333333333323333300000220000020000000000333333333333234444444444444444330000000003333333333333333223000000000334242444444
00000333233333332233333300200000003333323333333344444332333322444433333333333330000200003233333333333333323020000000324444244444
02000334444442444444443300000020003333333333233445554444444444444333332233333330000000003344444444444444433000000020334455555555
00000334424424444424243300000000003344224444444455655444442444443300000000000000000002003344442444444444433000000000334455555555
00000332455555555555423300000000003344444444444256665555555555243302000000000002000000203344525555555554433002020000334455666666
00000334455555555255443300000000003344255525555566266555255255443320000000000000000000003344555555555554423002200000334455626626
00002334455666666655423300000000002344555555662666666666666665543300000002000000020000003344556662666554433000000020334455666666
00000234455666266655442300000000003344556666666266666666666266543300020000000000020000003344556666666554433000000000334455666666
00000334455666662655443300000000003344556666666662266666666666543200000000000000000000203344556666666554433220000000234455662666
00020334455666666655443300000000003344556266666666666666666666543300000200000000000000003344556666666554233000000000334455662666
00000334455666666655443300000000003344556666666666666666666666543300002000200000000000002342556666666254433000000000334455666626
02000334455666666655443333333333223445562666666666666666666666543300000000000000000020003344526666666554433200020000334455555555
00000334455666666655443334442444444556622666666666666666666666543300000000000000000000023344556666666554433020000003344555555555
00020334455555555525443244555555555666662666666666666662666666243320000000000000000000003244555555525554433000200203445555555555
00000334455555555555443245566666666666666665666666626666662666543300000000000000000000003344555555525555443333330003455552555555
00000334444444444444443345666666666666666655566626666666666665542300000000000000000000003344455266666666554444433333455555555555
00000334444444442444443345666666666666666655566666666666666655443300000000000202000000003342445566666666665555423333445555555555
00000333333333333333333345266666666266666655566666266662666554433300000002000000000000003333344526666666666665544332344555555555
20000333333332223332333445666666666666666655562266666666665544333300020000000000000000003333334456666666666666252333344556266666
00200000333333323333333456666266666666666655566666666555555443300000000000000000023333333333334456666666666666654333244556666666
00000000324444444444444456666666666666666655566666665555555443300000000000000000033333233333344566666666666666654333344556666666
00000000334422444424444556666626666666666665666666665555555544333333000002020000033424444444425566626666666666654333342556666666
33333333344566665555555566666666666666666626666666265555555554433333000000000000033444444444455666666666266666652333344556666666
33333333445566662666226666666662666626666666266266665555555555442433000000000000032445555555556666666666662666654333344556666666
44444444455666662666662626666666666666662666626655555555555555544433000000000000033445555555526666666666666666654333324256666666
44444444556666666662626666666666666666666666666552555555555555554433003333333333334455666666666666666666626666654333344555555555
45555555566666666666266666666666666666666662666555555555555555554433003333323333344556626666266666666666666626624333344555555555
45555555666666626666666666666626666666666666666555555556666666554433003344444444445566666666666666666666266666654333344444444444
25566666666666666662666666666655555666626666666555555556626666552433003322444444455666662666666666666666666666654333344444444444
45566666666266666666666666662544444556666665555555555556666666554433003345555255566666666266666666666666666666654333333223333333
45566666666666662666666666654433333445555525255552555556666666554433003245666666666266666666666666666666666266554333333333333233
45566666666662666666666666544443334452555555555555555556266666554433003345662666666666666666666626655555555555544330000000000002
45526666666666666666266666544444445566622666666544555556666666554433203345666666666666666665526555544444444444443330000000000000
45566666666666666666666666242445556666666666666544455556666666554433003345666666666666666655555554433333333333333330000000000000
45566666666666666666666666544425266666666666665432445555555555552433003245666666666626666554444444330000000000000020000000000000
45555555666666666666666666544445666666666666665432344555555555554433003245666666662666666544444444330000000003333333333333333333
45555555555555555555555555544445666666666666665433344444422444444433003345666666666666665443323333330000000203333333333333333233
44444444444455554444444244444245666666666666665433342444444424444433003345666666266266665433333333330000000003344444442444444433
44444424444445544444424444444445666666666666665433333333332333333333003456666666666666665433000000000000000003344444444444444233
33333333333344423333333333333445666666626662665433333333333333333333003456666626666666666443000000000000000003344555555555554433
33332333333344443333333333333345666666666666665430000000000000200000003466666666666666666543000000000000000003344555555225554433
00000000333333333333333333303325666266666666665230000000000000000000002466666666666666666543000200000000000002344556666666554433
02200000334444444444444443203456666666666666665432000000000000002000003456666666666666666243000220000000000003344556666266554433
00000000334444444444444443303456666666666666265430000000000000000000003456666666666666666543000000000000000023244552666666554433
00000000234255555555555423303456666666666266665430000000200000000000003346666666666666666543000000000000000003344556666666554433
00200000334455555555555443303456666666666666626433333333333333300000003346666666626666666543000000000020000003344556666666554432
00000000334455666666655443303456666666666666666543333333333333300000203346666666626666666543000000020000000003344552266666554433
00000000324455666666655443303456666666266662666244444442424443300000003342666666666666665443000000000000000003344556666666554433
00000000334455666666655443303456666666666662666655555552555544300000003345666666666666665233000000000000000003344555555555554433
00200200334455666666655423303455666666666666666666662666666554300000003345666666666666665433200000002000000003344555555555554433
00200002334455666666655423303344556266666555566666666666666654320020003345666662666666665433000000000000000003344444444444444433
00000000334455666666655443303344556666666225566666666666626654300000203345666666666626665423000000000000002003344444444444444433
00000000334455666666665544333445566666666555566666666662626654300000003342226266666666665433000200000220000003333333333333333333
00000000332455555562666554434455666666626555566666666662666654300000003345566666266662655423000002000000000003333333333233333332
00000000334455555552666655444552666622555555566666666666666654300000203344555555552555554433000000000000020000000000200000000000
00002000332444444455666665545566666655555555566666666666666654300200003334444444444444444333333332333233333333000000020002000000
00002000334244444445566666555666666554444425566666666666666654300000003333333333333332333333333333333333333233000000000000000000
02000200333333333244556666656666625544444444566666666666666654300000002000000000000000000003344444444442424233000000000000000000
00000000333333333334455666666666655443333334566666666666666654300000020000000000000000000003344444444424525443333333333333302000
00000000000000000023445566666666554433333333456666666666666654200000000220002000000000020003244552555555565544333333333333300000
00000000000000000023245566666665544330000003456626266666666254300000000000000000000000000003345566666666666655424444444443320000
00000000000000002033245566666665544330000003456666666666626554300000020000000000000000000003245666666626666622554444444443300200
00000000002000000033445566666665544330200003455666666666665544300020000000000000000000000003345666666662266666655555555423302000
20000000000000002233445566666665544330000003445555525555552443300000000000020000000000000003345666666666266666265555525423300000
00000000200000000033445566666626554433333323444442444444444433000000002002000020000000000003325266666666666666666666655443300000
00020000020000000033445555555556655443233334444444323333333333000000200000000000000000000003245662666666666666666666255443300000
00200000003333333334425555555555665544424444444443333333333333000000000000200000000000000003245626266666666626666666655443300000
00002200003333332344552555555445566554444444444433002000200000000020000000000000020000000003345666666626666666626666655443300000
00000000003344444445555525554444556655555555554433000000000000000000000000000000000000000003345666666666666666666666655443300000
00000200003324444455555555244334455665555555524423000000000000000002000000000200000000000003345666666666666666666666655443300000
00002000003344555555555555443333445566666666554433000000000000000000000000000000000000000002345666666666666666666662655443300002
00002000003344555555555554433003344256666666554432000000002000000000020002000000200000000003345566266666662666265555555443300000
00000000003344556666666524433003342556666666554433002002000000000000000000000020000000200003344526666666666666655555525443300200
00000000003344552666666552432003342556666666554423200000000000200000000000020000000000020022324455666666666666554444444443300000
00000000002344552666626554433003344552666666554433000000000000000000000000000000000000020000033445555555566665544444444443300000
22000000003344556666666554433003344556666662554433000020000000000002000000000000000002020000033444444244555555443233333233300000
00000000003344556666662554433003344556666266554433020000000000200000000000000000000000000000033444444444444444433333333333300000
00020000003344556662666554433003344555555555554433000020000000020000000000000000000000000000033333333333333333332000000000000000
00220000003242552666666554433003342555555555554433000020000000000002000020000000200000000000033333333333333333320000000020000002
00000000003344525555552554433003344444444444444233000000000000000000000000000200000202000000000000000000000000000000000000000000

55556666655443333333233000000000020000000033445566666665544330010102000000200000333332334455555555544444433000000000033445566666

56626666665544333333333000000000000000200033445566626665544330101000000000000000334444244256666666555554433000000000033445566666

56666666666554444244433000000000000000000033445566666665544331000000000000200000334444445266666666655554433000000000233442566666

26666666266655424444433020002000000000000033445566666662544310000000000000000000334455555666266666666552433000000000033445566666

56666666626665555554433200000000000000000033445562666665544131002000000000002000334425556662666626666554233000000000033445566666

56666666666666555554433000000000000000000033445566666665541312100200000000000000334455626666666666622554433033333323334452666665

56666666626666266554433000200002000000000033445566666665514131020000000000000000334455666666666666666554433033333333344556626652

56666626666666266554433000000000000000000033445555555555141310000200000202000000334425666666666666666554433033444444445566666554

55556666666666666554433000020000000000020033445555555551514131000000000000022002334455666666666666666254433033444444455662265544

55555666666266666554433000000000000000000033444444444414141310100200000000000000334455666666266666666554433033445555256666655443

44445566626666666552433000000000000000000033444444444141414331000000000000000000334255666666666666655554433033445555566666554433

44444556666666666554433000000000002000202033333333331323131310100000002000000000324455666666666626225554423033445566666622544332

33334455666666666554433000000000000000020033333233313333313131200002000000000220334455556666666265524444433033445566666665524230

33333442566666555554433000000000000000000000000000101000101000100000000000200000334455555266666625444444433033442566662665544330

00023324555555225554433000000000000000000000000001000100000101000000000200000000334442445555555554433333333033445566666662544330

00003344244444444444433000000000000000200000000010101010001010000000000000000200334444442444444444333333333033445566666665544330

00003342444444444444423000000000000000000200000200010001010100000000000000000020333333333333333322300000000033445526666665544330

02003333333323323333333000000000002000000003333333231313333313000020000200000000333333333333333333200000000033245566666665544332

00003333333333333333333000000000000000000003333333333133333331000000000000000000000002000002000000000000000023445525555555544330

00000000000000000000000200002000000000000003344444441444444433100200000000000000000020000000000000002000000033425555555555544330

00000000000000000000000000000000000002000003344444414144444433010000020000000020000000000000000000000000000033444444444444444330

23323333333323233000000000000000000000000003344555551515554433101000000000000002000002000000000000000333333334444444444444444330

33333333333333333000000000000000020000000003344555515152522433010100000000000000000000000000000000002233323344444444444433333330

44444444444444433000000000200000200000000003342556161626554433102010000000000000000000000000000000000334444444444444444333333330

55555555555444433000020000000200000200000003344551616666554433000000200000000000000020000000000000000334444444442444443300000000

56666666665554433000200000000000000002000003344516161666554233000000002000000000000003333333333333333344455555555555443300000000

66666662666554433000000000000000000020000003344151616166552433000000000000000000000003333333333233333444455555525552423300200000

66666666666554433000000000000000002000002203341516161616554433000000000020020000000003344444444444444444455666266655423300000000

66666626666554433000333333333333333333300003314151626161255443333333333000000000000333242225555555555544455666666655443300002000

66666666666554433000333333332333323333300003142516666616165544333333333000002000200332455666666666265544455666666655443300200000

66666666666554433000334444444444244443300003344551556162616554444444423200000000000334556666666666665544455666666655443300000000

66666666666554433002334444444444444443302003344515151666661665555555443333333330000334566666666666665524455666666655443320002000

66666666666552433000334455555255555443320003344141415166616166666665544333333330000334566662666666665544455666666655443300000000

66662626666554433000334455555555525443300003342414141516161616666666554444444330000334566666662666665544455626666255443300000000

66666666662552433000334455666666655443300003333331334151616261666626655444444330000334566666666266665544455555555525443300000020

66666666665554433000234455666666255443300003333313131415166626166666665555224330000334566666666662665542455525555555443300000020

66666666652444433200334452666666655443300000000201013141516666616666666555542330000334566666666666665544444444444444442300000000

66666666554444433000334425666666655443300000000000103324151666161666666662544330000334566662666666665544444244444444443300200000

55555255544333333000334455666666655443300000000001013244516161616166666665544330000334566666666666665544333333332333333300000000

44444444443333333000334455666666655443300000000010003344151616121616666265544330000334566266666666665543323333323333333200000000

33333333333000000000334455666666655442300002002001203341516161216161662665524330000334566666666666662423000002000020000020000000

33333333333000000000334255555555555443202200000010003314151516161616166665544330000334526666666666655233200000000020000000002000

00000000000000000000334455555555555442300002000102003341515151616161616625544330000334566666666666554433000000000200000000000000

00000000000000000000334444444444242443300000001000023314241415161616161665544330000334555555555555544333000000020000220000002000

00002002000000000000334444444444444443300000010000003144444141516161616155544330000334444424444444443200000000000000000000000000

00000000000000000000333333333333333333300002000000001313321314151616161515544330000333333333333333333300000000000000333333333223

00000000000000000000333333333333333332320000000002003133312134415151515141424330000333333333323333333300000000000000333333333333

00000333333333333323333300000220000020000000000333331313131234441414141414444330000000003333333333333333223000000000334242444444

00000333233333332233333300200000003333323333333344444132313122414131313133333330000200003233333333333333323020000000324444244444

02000334444442444444443300000020003333333333233445551444444444441333332213333330000000003344444444444444433000000020334455555555

00000334424424444424243300000000003344224444444455615444442444413100000001000000000002003344442444444444433000000000334455555555

00000332455555555555423300000000003344444444444256161555555555241312000000000002000000203344525555555554433002020000334455666666

00000334455555555255443300000000003344255525555561216155255255443121000000000000000000003344555555555554423002200000334455626626

00002334455666666655423300000000002344555555662616161616666665543310100002000000020000003344556662666554433000000020334455666666

00000234455666266655442300000000003344556666666261616161666266543100020000000000020000003344556666666554433000000000334455666666

00000334455666662655443300000000003344556666666662261616166666541210000000000000000000203344556666666554433220000000234455662666

00020334455666666655443300000000003344556266666666666161616666513100000200000000000000003344556666666554233000000000334455662666

00000334455666666655443300000000003344556666666666661616161666141300002000200000000000002342556666666254433000000000334455666626

02000334455666666655443333333333223445562666666666616161616161513100000000000000000020003344526666666554433200020000334455555555

00000334455666666655443334442444444556622666666666161616161616141310000000000000000000023344556666666554433020000003344555555555

00020334455555555525443244555555555666662666666661616162616161243121000000000000000000003244555555525554433000200203445555555555

00000334455555555555443245566666666666666665666616121666662616141310100000000000000000003344555555525555443333330003455552555555

00000334444444444444443345666666666666666655566121616166666661512101000000000000000000003344455266666666554444433333455555555555

00000334444444442444443345666666666666666655561616161616666615141300000000000202000000003342445566666666665555423333445555555555

00000333333333333333333345266666666266666655516161216162666151413100000002000000000000003333344526666666666665544332344555555555

20000333333332223332333445666666666666666655162216161666661514131310020000000000000000003333334456666666666666252333344556266666

00200000333333323333333456666266666666666651566661616155515141300100000000000000023333333333334456666666666666654333244556666666

00000000324444444444444456666666666666666615166616161515151413101010000000000000033333233333344566666666666666654333344556666666

00000000334422444424444556666626666666666161616161615151515144313131000002020000033424444444425566626666666666654333342556666666

33333333344566665555555566666666666666661626161616261515151514131313100000000000033444444444455666666666266666652333344556666666

33333333445566662666226666666662666626616666216266665151515151412133000000000000032445555555556666666666662666654333344556666666

44444444455666662666662626666666666666162666126655555515151515141413000000000000033445555555526666666666666666654333324256666666

44444444556666666662626666666666666661666661616552555151515151514433003333333333334455666666666666666666626666654333344555555555

45555555566666666666266666666666666616166612161555551515151515151433003333323333344556626666266666666666666626624333344555555555

45555555666666626666666666666626666161616161616155515151616161514133003344444444445566666666666666666666266666654333344444444444

25566666666666666662666666666655551616121616161515151516121616152413003322444444455666662666666666666666666666654333344444444444

45566666666266666666666666662544414151616161515151515151616161554431003345555255566666666266666666666666666666654333333223333333

45566666666666662666666666654433131415151525251512151516161616154413103245666666666266666666666666666666666266554333333333333233

45566666666662666666666666544441314152515555555151515151216161514433003345662666666666666666666626655555555555544330000000000002

45526666666666666666266666544414141566622666661514151516161616151433203345666666666666666665526555544444444444443330000000000000

45566666666666666666666666242141516166666666616141415151616161514133003345666666666666666655555554433333333333333330000000000000

45566666666666666666666666544425261616666666161412141515151515152433003245666666666626666554444444330000000000000020000000000000

45555555666666666666666666544445666161666661615132314151515151554433003245666666662666666544444444330000000003333333333333333333

45555555555555555555555555544445661616166616161433341414122414444433003345666666666666665443323333330000000203333333333333333233

44444444444455554444444244444245616161616161615433312144444421444433003345666666266266665433333333330000000003344444442444444433

44444424444445544444424444444445161616161616161433131333332313333333003456666666666666665433000000000000000003344444444444444233

33333333333344423333333333333445616161626162615131333333333331333333003456666626666666666443000000000000000003344555555555554433

33332333333344443333333333333345161616666666661410100000000010200000003466666666666666666543000000000000000003344555555225554433

00000000333333333333333333303321616261666666615231010000000100000000002466666666666666666543000200000000000002344556666666554433

02200000334444444444444443203416166666166666165432101000001000002000003456666666666666666243000220000000000003344556666266554433

00000000334444444444444443303151616661616661215431000100000100000000003456666666666666666543000000000000000023244552666666554433

00000000234255555555555423301416161616161216161430100010201010000000003346666666666666666543000000000000000003344556666666554433

00200000334455555555555443313151616161616161626431313133333331300000003346666666626666666543000000000020000003344556666666554432

00000000334455666666655443101416161616161616666513133313333313100000203346666666626666666543000000020000000003344552266666554433

00000000324455666666655441313151616161216162666241414442424141310000003342666666666666665443000000000000000003344556666666554433

00000000334455666666655413101416161616161662666655151552555514301000003345666666666666665233000000000000000003344555555555554433

00200200334455666666655121313151616161616166666661612166666151310100003345666666666666665433200000002000000003344555555555554433

00200002334455666666655423101314151216161515566616161616661614121020003345666662666666665433000000000000000003344444444444444433

00000000334455666666655443313141516161616221566161616161626151300000203345666666666626665423000000000000002003344444444444444433

00000000334455666666665544133415161616166555161616161612626614300000003342226266666666665433000200000220000003333333333333333333

00000000332455555562666554414151616161626555516161616162666151300000003345566666266662655423000002000000000003333333333233333332

00000000334455555552666655141512161622555555161616161666661614300000203344555555552555554433000000000000020000000000200000000000

00002000332444444455666661515161616655555551516161616166616151300200003334444444444444444333333332333233333333000000020002000000

00002000334244444445566616151616161554444425161616161616161614300000003333333333333332333333333333333333333233000000000000000000

02000200333333333244556161616161625144444444516161616161616151300000002000000000000000000003344444444442424233000000000000000000

00000000333333333334451616161616655413333334161616161616161614100000020000000000000000000003344444444424525443333333333333302000

00000000000000000023415161616161554131333331416161616161616151210000000220002000000000020003244552555555565544333333333333300000

00000000000000000023241516161615141330100013151626261616161214301000000000000000000000000003345566666666666655424444444443320000

00000000000000002033245161616161514131010103416666666161626151310100020000000000000000000003245666666626666622554444444443300200

00000000002000000033441516161615141310201013151666661616665514300020000000000000000000000003345666666662266666655555555423302000

20000000000000002233415161616161514130000001415155525151552141300000000000020000000000000003345666666666266666265555525423300000

00000000200000000033141516161626151413333323141412444414141413000000002002000020000000000003325266666666666666666666655443300000

00020000020000000033415151515556615141233334414141323131313131000000200000000000000000000003245662666666666666666666255443300000

00200000003333333334121515151555161514124444441413333333133313100000000000200000000000000003245626266666666626666666655443300000

00002200003333332341512151515141516151414444414131002001200001000020000000000000020000000003345666666626666666626666655443300000

00000000003344444415151525151414151615155555154413100010000010100000000000000000000000000003345666666666666666666666655443300000

00000200003324444151515555214334415161515551524123000001000000000002000000000200000000000003345666666666666666666666655443300000

00002000003344551515151555141333141516161616554413000000000000000000000000000000000000000002345666666666666666666662655443300002

00002000003344515151515151413001314251616161554132000000002000000000020002000000200000000003345566266666662666265555555443300000

00000000003344551616161524133013142556161616151433002002000000000000000000000020000000200003344526666666666666655555525443300200

00000000003344512161616552412101342551616161514123200000000000200000000000020000000000020022324455666666666666554444444443300000

00000000002344552616121554433003144512161616151413000000000000000000000000000000000000020000033445555555566665544444444443300000

22000000003344556661616154433001344151616162514133000020000000000002000000000000000002020000033444444244555555443233333233300000

00000000003344556616162514433003341516161266551413020000000000200000000000000000000000000000033444444444444444433333333333300000

00020000003344556162666551433003314151515155554131000020000000020000000000000000000000000000033333333333333333332000000000000000

00220000003242552666666514133003342515151555551413000020000000000002000020000000200000000000033333333333333333320000000020000002

00000000003344525555552151413003344441414144414231000000000000000000000000000200000202000000000000000000000000000000000000000000
